1.905832505144644529e-06 3.196127363480627537e-04 1.371677150018513203e-03 3.206302877515554428e-03 4.774454515427350998e-03 3.207182046025991440e-03 3.652160987257957458e-02 7.809928152710199356e-03 9.909501299262046814e-03 1.462388783693313599e-02 1.624074950814247131e-02 6.912101805210113525e-02 3.376162797212600708e-02 1.968352310359477997e-02 8.967568166553974152e-03 4.178973846137523651e-03 1.146157085895538330e-02 2.271956205368041992e-02 3.043117560446262360e-02 1.399845071136951447e-02 1.830071583390235901e-02 2.277154847979545593e-02 2.649333514273166656e-02
3.196127363480627537e-04 1.229180043083033524e-06 1.212068088352680206e-02 7.426472753286361694e-02 4.514950886368751526e-02 6.595109589397907257e-03 3.535443544387817383e-01 4.383539315313100815e-03 5.745445564389228821e-02 1.123608369380235672e-02 6.239115260541439056e-03 7.825152948498725891e-03 9.535546414554119110e-03 7.855095900595188141e-03 5.722924135625362396e-03 1.027699559926986694e-02 4.985684063285589218e-03 9.575864300131797791e-03 3.852116316556930542e-02 5.450833588838577271e-03 5.151524394750595093e-02 8.796338923275470734e-03 4.768074955791234970e-03
1.371677266433835030e-03 1.212068088352680206e-02 4.639775852410821244e-07 6.885263719595968723e-04 7.670740783214569092e-02 1.541153062134981155e-02 7.468683272600173950e-02 2.654480515047907829e-03 8.050750195980072021e-02 2.853227034211158752e-02 1.705349609255790710e-02 4.475540481507778168e-03 2.305320464074611664e-02 5.416201427578926086e-02 2.168790623545646667e-02 2.345334179699420929e-02 1.843397691845893860e-02 6.315785646438598633e-02 7.297757081687450409e-03 7.764919660985469818e-03 1.160682551562786102e-02 7.196648512035608292e-03 3.334146738052368164e-02
3.206302644684910774e-03 7.426472753286361694e-02 6.885264301672577858e-04 2.400968696747440845e-06 1.436452101916074753e-02 4.391929134726524353e-03 7.210823148488998413e-02 1.581580727361142635e-03 1.557488888502120972e-01 6.993032060563564301e-03 1.431112922728061676e-02 8.114387281239032745e-03 2.919372543692588806e-02 2.002802863717079163e-02 1.166198309510946274e-02 1.867762394249439240e-02 1.404772978276014328e-02 1.382303517311811447e-02 1.791656017303466797e-02 1.902450621128082275e-02 4.265537019819021225e-03 2.082540839910507202e-02 5.517824087291955948e-03
4.774453118443489075e-03 4.514951258897781372e-02 7.670742273330688477e-02 1.436451636254787445e-02 5.361036983231315389e-07 1.104861614294350147e-03 1.548819802701473236e-02 2.268584258854389191e-02 1.041618548333644867e-02 5.961636546999216080e-03 1.112787984311580658e-02 4.877864848822355270e-03 8.860141038894653320e-03 1.071150321513414383e-02 9.956324473023414612e-03 1.396550238132476807e-02 2.941231988370418549e-02 1.505790464580059052e-02 1.729235053062438965e-02 1.022698264569044113e-02 1.822985336184501648e-02 9.477430582046508789e-02 1.344561297446489334e-02
3.207181813195347786e-03 6.595109589397907257e-03 1.541153062134981155e-02 4.391928203403949738e-03 1.104861730709671974e-03 6.584142800420522690e-03 9.987627854570746422e-04 6.095058284699916840e-03 5.712877027690410614e-03 8.754638023674488068e-03 5.067645572125911713e-03 3.978974185883998871e-03 1.213696599006652832e-02 1.362636871635913849e-02 5.001099314540624619e-03 2.306947298347949982e-02 4.555380903184413910e-03 6.176937837153673172e-03 9.190626442432403564e-03 6.677192635834217072e-03 1.049935445189476013e-02 4.276116844266653061e-03 1.196011155843734741e-01
3.652160987257957458e-02 3.535443544387817383e-01 7.468682527542114258e-02 7.210825383663177490e-02 1.548819802701473236e-02 9.987626690417528152e-04 4.027819500151963439e-07 2.418948803097009659e-03 8.232175372540950775e-03 7.193816360086202621e-03 7.770632393658161163e-03 5.647898651659488678e-03 6.341894622892141342e-03 6.342022679746150970e-03 9.074648842215538025e-03 1.586775481700897217e-02 1.633707061409950256e-02 2.042844891548156738e-02 5.362492054700851440e-03 3.600417869165539742e-03 1.701512560248374939e-02 1.619658619165420532e-02 1.872084848582744598e-02
7.809928152710199356e-03 4.383538849651813507e-03 2.654480747878551483e-03 1.581580610945820808e-03 2.268584631383419037e-02 6.095057819038629532e-03 2.418948803097009659e-03 3.129439428448677063e-04 2.680518897250294685e-03 8.311221376061439514e-03 1.114743016660213470e-02 1.303668785840272903e-02 4.422505944967269897e-02 3.534598648548126221e-02 4.764506965875625610e-02 1.016501802951097488e-02 6.609435193240642548e-03 5.299034528434276581e-03 7.556500378996133804e-03 5.154746584594249725e-03 4.078318830579519272e-03 9.309149347245693207e-03 1.427521090954542160e-02
9.909501299262046814e-03 5.745443701744079590e-02 8.050750195980072021e-02 1.557488739490509033e-01 1.041618362069129944e-02 5.712877027690410614e-03 8.232176303863525391e-03 2.680518664419651031e-03 2.053024900305899791e-06 1.064633252099156380e-03 5.125835537910461426e-03 1.779557764530181885e-02 3.532127942889928818e-03 3.078424138948321342e-03 6.503210868686437607e-03 6.420671939849853516e-03 1.140829361975193024e-02 9.798212908208370209e-03 1.331577263772487640e-02 1.952279731631278992e-02 1.231718063354492188e-02 3.934803605079650879e-02 1.194181106984615326e-02
1.462388969957828522e-02 1.123608276247978210e-02 2.853227593004703522e-02 6.993032060563564301e-03 5.961636546999216080e-03 8.754638954997062683e-03 7.193816360086202621e-03 8.311221376061439514e-03 1.064633368514478207e-03 5.498139653354883194e-04 1.813375391066074371e-03 5.340275354683399200e-03 6.847155280411243439e-03 3.711209399625658989e-03 7.113075349479913712e-03 7.846331223845481873e-03 4.327678121626377106e-03 9.533697739243507385e-03 1.275234110653400421e-02 1.070150546729564667e-02 1.446420885622501373e-02 1.118370518088340759e-02 1.440944988280534744e-02
1.624074950814247131e-02 6.239116191864013672e-03 1.705349609255790710e-02 1.431113015860319138e-02 1.112788077443838120e-02 5.067646503448486328e-03 7.770634256303310394e-03 1.114743202924728394e-02 5.125836469233036041e-03 1.813375391066074371e-03 5.421471541922073811e-06 3.059248998761177063e-02 3.776496741920709610e-03 2.639275509864091873e-03 1.172119379043579102e-01 6.563791073858737946e-03 2.166726067662239075e-02 5.884513258934020996e-03 2.111965231597423553e-02 1.845951192080974579e-02 1.082305703312158585e-02 2.444508671760559082e-02 7.521349005401134491e-03
6.912101805210113525e-02 7.825152948498725891e-03 4.475541412830352783e-03 8.114388212561607361e-03 4.877864848822355270e-03 3.978974185883998871e-03 5.647898651659488678e-03 1.303669065237045288e-02 1.779557764530181885e-02 5.340275354683399200e-03 3.059248998761177063e-02 9.942102678905939683e-07 1.361057278700172901e-03 2.277316339313983917e-02 4.265171885490417480e-01 1.762886717915534973e-02 1.593316346406936646e-02 5.957341752946376801e-03 7.188783027231693268e-03 1.392364967614412308e-02 1.371054910123348236e-02 1.048584431409835815e-01 5.502534098923206329e-03
3.376162797212600708e-02 9.535549208521842957e-03 2.305320464074611664e-02 2.919372543692588806e-02 8.860142901539802551e-03 1.213696785271167755e-02 6.341895554214715958e-03 4.422506317496299744e-02 3.532128408551216125e-03 6.847154349088668823e-03 3.776496741920709610e-03 1.361057395115494728e-03 6.017904070176882669e-06 1.428166637197136879e-03 5.253283772617578506e-03 2.074520289897918701e-02 1.308644562959671021e-01 1.425549201667308807e-02 7.796943187713623047e-03 3.444967418909072876e-02 1.374031137675046921e-02 3.221479803323745728e-02 1.732267253100872040e-02
1.968352310359477997e-02 7.855095900595188141e-03 5.416201427578926086e-02 2.002802863717079163e-02 1.071150321513414383e-02 1.362636871635913849e-02 6.342022679746150970e-03 3.534598648548126221e-02 3.078424138948321342e-03 3.711209166795015335e-03 2.639275277033448219e-03 2.277316339313983917e-02 1.428166287951171398e-03 6.266640411922708154e-06 2.167435828596353531e-03 2.562653739005327225e-03 2.130271866917610168e-02 1.477012038230895996e-02 1.442928425967693329e-02 4.814321547746658325e-02 1.451904512941837311e-02 2.273296006023883820e-02 1.006063912063837051e-02
8.967569097876548767e-03 5.722925066947937012e-03 2.168790996074676514e-02 1.166198030114173889e-02 9.956326335668563843e-03 5.001099780201911926e-03 9.074648842215538025e-03 4.764506965875625610e-02 6.503210403025150299e-03 7.113075349479913712e-03 1.172119230031967163e-01 4.265172481536865234e-01 5.253282375633716583e-03 2.167436061426997185e-03 4.718590389529708773e-06 1.107175135985016823e-03 1.102482341229915619e-02 7.831930369138717651e-02 2.398215606808662415e-02 4.228788241744041443e-02 6.843822542577981949e-03 1.876700483262538910e-02 4.633755423128604889e-03
4.178972449153661728e-03 1.027699653059244156e-02 2.345333993434906006e-02 1.867762580513954163e-02 1.396549958735704422e-02 2.306947484612464905e-02 1.586775295436382294e-02 1.016501802951097488e-02 6.420671939849853516e-03 7.846332155168056488e-03 6.563791073858737946e-03 1.762886717915534973e-02 2.074520103633403778e-02 2.562653971835970879e-03 1.107175135985016823e-03 9.331876935902982950e-05 1.090947422198951244e-03 3.523650811985135078e-03 6.696394644677639008e-03 1.978996023535728455e-02 2.006950974464416504e-02 7.291922811418771744e-03 1.376823522150516510e-02
1.146157085895538330e-02 4.985682666301727295e-03 1.843397505581378937e-02 1.404772885143756866e-02 2.941231057047843933e-02 4.555380903184413910e-03 1.633706875145435333e-02 6.609435193240642548e-03 1.140829268842935562e-02 4.327676724642515182e-03 2.166725695133209229e-02 1.593316346406936646e-02 1.308644264936447144e-01 2.130271308124065399e-02 1.102481968700885773e-02 1.090947189368307590e-03 4.396848453325219452e-06 7.413330487906932831e-03 1.039961911737918854e-02 3.259752392768859863e-01 5.152947269380092621e-03 9.188730269670486450e-03 1.809953711926937103e-03
2.271955832839012146e-02 9.575865231454372406e-03 6.315785646438598633e-02 1.382303517311811447e-02 1.505790371447801590e-02 6.176937837153673172e-03 2.042845264077186584e-02 5.299035459756851196e-03 9.798213839530944824e-03 9.533698670566082001e-03 5.884513258934020996e-03 5.957341752946376801e-03 1.425549201667308807e-02 1.477011851966381073e-02 7.831930369138717651e-02 3.523651044815778732e-03 7.413330487906932831e-03 7.914816706033889204e-06 1.121701765805482864e-02 1.283556781709194183e-02 7.534185796976089478e-02 8.114923723042011261e-03 1.769596943631768227e-03
3.043117746710777283e-02 3.852117061614990234e-02 7.297758013010025024e-03 1.791656389832496643e-02 1.729235239326953888e-02 9.190626442432403564e-03 5.362492986023426056e-03 7.556500844657421112e-03 1.331577636301517487e-02 1.275234110653400421e-02 2.111965417861938477e-02 7.188783492892980576e-03 7.796943187713623047e-03 1.442928146570920944e-02 2.398215420544147491e-02 6.696394179016351700e-03 1.039961911737918854e-02 1.121702045202255249e-02 2.380417299718828872e-06 1.031553559005260468e-02 7.407128810882568359e-03 9.775759279727935791e-02 2.849478274583816528e-03
1.399845071136951447e-02 5.450833588838577271e-03 7.764920592308044434e-03 1.902450248599052429e-02 1.022698450833559036e-02 6.677190773189067841e-03 3.600417869165539742e-03 5.154746584594249725e-03 1.952279731631278992e-02 1.070150546729564667e-02 1.845951192080974579e-02 1.392364967614412308e-02 3.444966673851013184e-02 4.814321547746658325e-02 4.228788241744041443e-02 1.978995837271213531e-02 3.259752094745635986e-01 1.283556967973709106e-02 1.031553279608488083e-02 2.218187319158460014e-06 7.198705570772290230e-04 1.494555454701185226e-02 1.163869514130055904e-03
1.830071955919265747e-02 5.151525139808654785e-02 1.160682644695043564e-02 4.265537019819021225e-03 1.822985336184501648e-02 1.049935352057218552e-02 1.701512932777404785e-02 4.078318830579519272e-03 1.231718249619007111e-02 1.446420699357986450e-02 1.082305517047643661e-02 1.371055096387863159e-02 1.374031137675046921e-02 1.451904792338609695e-02 6.843823008239269257e-03 2.006950788199901581e-02 5.152947269380092621e-03 7.534185796976089478e-02 7.407130207866430283e-03 7.198705570772290230e-04 2.058791724266484380e-04 9.555842843838036060e-04 1.430162927135825157e-03
2.277154847979545593e-02 8.796339854598045349e-03 7.196647115051746368e-03 2.082541212439537048e-02 9.477428346872329712e-02 4.276117309927940369e-03 1.619658805429935455e-02 9.309148415923118591e-03 3.934804350137710571e-02 1.118370704352855682e-02 2.444508671760559082e-02 1.048584431409835815e-01 3.221479803323745728e-02 2.273296192288398743e-02 1.876700483262538910e-02 7.291923277080059052e-03 9.188731200993061066e-03 8.114923723042011261e-03 9.775760024785995483e-02 1.494555640965700150e-02 9.555845754221081734e-04 1.279561956835095771e-06 6.278617656789720058e-04
2.649333700537681580e-02 4.768075421452522278e-03 3.334147483110427856e-02 5.517823155969381332e-03 1.344561390578746796e-02 1.196011453866958618e-01 1.872085407376289368e-02 1.427521090954542160e-02 1.194181293249130249e-02 1.440945081412792206e-02 7.521349936723709106e-03 5.502534564584493637e-03 1.732267253100872040e-02 1.006064005196094513e-02 4.633755888789892197e-03 1.376823615282773972e-02 1.809953711926937103e-03 1.769596710801124573e-03 2.849478274583816528e-03 1.163869514130055904e-03 1.430162694305181503e-03 6.278617656789720058e-04 1.428214367479085922e-03
