1.271255541723803617e-06 3.341723277117125690e-05 3.009566862601786852e-04 3.867390623781830072e-04 2.815515617839992046e-04 3.481847699731588364e-03 5.484667606651782990e-03 7.645319215953350067e-03 5.040245130658149719e-02 5.652279779314994812e-02 8.042881637811660767e-02 2.241912633180618286e-01 5.388805270195007324e-01 3.750887513160705566e-02 1.394625939428806305e-02 8.135239034891128540e-02 2.875379845499992371e-02 6.358108017593622208e-03 1.276636682450771332e-02 1.675453409552574158e-02 1.807550340890884399e-02 1.102203782647848129e-02 1.411406416445970535e-02
3.341723277117125690e-05 4.762700029914412880e-07 4.214879008941352367e-04 1.013276260346174240e-02 8.133626542985439301e-03 1.043188013136386871e-02 9.949905276298522949e-01 1.731725968420505524e-02 9.909726977348327637e-01 1.532893441617488861e-02 8.820259943604469299e-03 3.366293758153915405e-02 2.578840591013431549e-02 2.127432730048894882e-03 4.215192049741744995e-03 1.528250984847545624e-02 3.495404962450265884e-03 1.304979785345494747e-03 2.379279583692550659e-03 5.652082152664661407e-03 3.622261341661214828e-03 1.084550051018595695e-03 4.437386989593505859e-03
3.009566862601786852e-04 4.214879008941352367e-04 1.348357909591868520e-04 3.767767339013516903e-04 6.211572792381048203e-03 1.529746949672698975e-01 4.146438091993331909e-03 1.955438219010829926e-02 5.237343907356262207e-02 2.103953808546066284e-02 4.095876123756170273e-03 4.009722266346216202e-03 1.339197717607021332e-02 3.522166516631841660e-03 3.460541833192110062e-03 4.560039937496185303e-02 5.783707834780216217e-03 3.844628809019923210e-03 2.007821798324584961e-01 2.273526974022388458e-02 6.558378227055072784e-03 4.441677592694759369e-03 1.057492718100547791e-01
3.867390914820134640e-04 1.013276539742946625e-02 3.767767921090126038e-04 1.398333893121161964e-06 4.721999168395996094e-03 2.634677337482571602e-03 1.123814433813095093e-01 9.900778532028198242e-03 1.078978925943374634e-01 5.560024455189704895e-02 1.442230306565761566e-02 5.079277325421571732e-03 2.408865652978420258e-02 9.033145383000373840e-03 7.083678152412176132e-03 1.153561100363731384e-01 1.001593377441167831e-02 4.902171902358531952e-03 1.371746975928544998e-02 1.859899610280990601e-01 9.076811373233795166e-03 6.558107677847146988e-03 1.160246320068836212e-02
2.815515908878296614e-04 8.133628405630588531e-03 6.211574655026197433e-03 4.721999168395996094e-03 4.931445118927513249e-07 3.413261380046606064e-03 2.677987515926361084e-01 2.488162741065025330e-02 1.290809176862239838e-02 7.969973608851432800e-03 3.375534666702151299e-03 4.448194988071918488e-03 3.452716860920190811e-03 6.026676390320062637e-03 4.443631973117589951e-03 3.943062573671340942e-02 1.043284777551889420e-02 4.666860215365886688e-03 2.057873457670211792e-01 1.587197780609130859e-01 1.221309788525104523e-02 1.791829988360404968e-02 1.404266208410263062e-01
3.481847466900944710e-03 1.043188385665416718e-02 1.529746949672698975e-01 2.634676638990640640e-03 3.413261845707893372e-03 3.757655213121324778e-04 3.465294721536338329e-04 5.911254789680242538e-03 1.031473744660615921e-02 6.793650798499584198e-03 1.115933759137988091e-03 1.384837902151048183e-03 4.799233749508857727e-03 2.299697138369083405e-03 4.018840380012989044e-03 2.795130573213100433e-02 5.306622944772243500e-03 7.839050143957138062e-03 2.809652686119079590e-01 2.544807270169258118e-02 1.239951327443122864e-02 9.599870070815086365e-03 1.578225791454315186e-01
5.484667606651782990e-03 9.949905276298522949e-01 4.146438091993331909e-03 1.123814433813095093e-01 2.677987515926361084e-01 3.465294721536338329e-04 9.648613740864675492e-06 1.560303382575511932e-03 2.105070278048515320e-02 1.727644121274352074e-03 1.252872170880436897e-03 1.003794022835791111e-03 2.247381489723920822e-03 1.103245886042714119e-03 1.421737717464566231e-03 4.784788005053997040e-03 1.329787634313106537e-02 6.056663114577531815e-03 4.490471445024013519e-03 5.494228750467300415e-02 1.140316762030124664e-02 1.619498990476131439e-02 4.619282670319080353e-03
7.645319215953350067e-03 1.731725409626960754e-02 1.955438591539859772e-02 9.900777600705623627e-03 2.488162554800510406e-02 5.911254324018955231e-03 1.560303382575511932e-03 7.408421424770494923e-06 1.404616283252835274e-03 1.173653174191713333e-02 4.324418492615222931e-03 3.635994624346494675e-03 3.716206178069114685e-03 6.075338460505008698e-03 1.131113432347774506e-02 5.199824459850788116e-03 8.209631778299808502e-03 1.851907931268215179e-02 3.777288272976875305e-02 3.246260434389114380e-02 1.451510470360517502e-02 4.873078316450119019e-02 1.855182275176048279e-02
5.040245130658149719e-02 9.909726977348327637e-01 5.237344652414321899e-02 1.078978925943374634e-01 1.290809363126754761e-02 1.031473837792873383e-02 2.105070650577545166e-02 1.404616283252835274e-03 3.608699898904887959e-06 7.726139738224446774e-04 1.501924125477671623e-03 4.149013198912143707e-03 1.063615665771067142e-03 1.211416209116578102e-03 1.963054295629262924e-03 1.951963454484939575e-02 2.844266826286911964e-03 2.518478315323591232e-03 5.872117355465888977e-03 1.358132530003786087e-02 7.643461227416992188e-03 7.401441223919391632e-03 9.890336543321609497e-03
5.652278661727905273e-02 1.532893441617488861e-02 2.103953808546066284e-02 5.560024455189704895e-02 7.969971746206283569e-03 6.793649401515722275e-03 1.727644121274352074e-03 1.173653174191713333e-02 7.726139156147837639e-04 2.581401531642768532e-05 9.373461944051086903e-04 2.458916511386632919e-03 1.887214137241244316e-03 2.507785568013787270e-03 2.845373377203941345e-02 2.577830292284488678e-02 1.200156938284635544e-02 8.418077602982521057e-03 5.057764798402786255e-02 2.668123319745063782e-02 6.570914294570684433e-03 1.219613291323184967e-02 1.863014325499534607e-02
8.042880892753601074e-02 8.820259943604469299e-03 4.095877055078744888e-03 1.442229934036731720e-02 3.375534666702151299e-03 1.115933759137988091e-03 1.252872287295758724e-03 4.324418492615222931e-03 1.501924125477671623e-03 9.373460779897868633e-04 1.333660202362807468e-05 5.811525136232376099e-02 2.415380207821726799e-03 3.915392979979515076e-02 8.688787221908569336e-01 2.481928467750549316e-02 1.191631518304347992e-02 3.599479794502258301e-02 7.442356087267398834e-03 5.886265076696872711e-03 5.286881234496831894e-03 1.307488512247800827e-02 3.035954665392637253e-03
2.241913080215454102e-01 3.366293758153915405e-02 4.009722732007503510e-03 5.079276394098997116e-03 4.448195919394493103e-03 1.384838134981691837e-03 1.003794372081756592e-03 3.635995555669069290e-03 4.149013198912143707e-03 2.458916278555989265e-03 5.811526253819465637e-02 2.950719135696999729e-06 6.916474667377769947e-04 7.563585042953491211e-01 7.232252359390258789e-01 9.410187602043151855e-03 5.562963895499706268e-03 4.885339364409446716e-02 4.262223839759826660e-03 4.158097784966230392e-03 4.545202478766441345e-03 5.579354241490364075e-03 3.741585882380604744e-03
5.388805270195007324e-01 2.578840591013431549e-02 1.339197717607021332e-02 2.408865280449390411e-02 3.452716860920190811e-03 4.799233749508857727e-03 2.247381489723920822e-03 3.716206178069114685e-03 1.063615782186388969e-03 1.887214137241244316e-03 2.415379509329795837e-03 6.916473503224551678e-04 8.316375897265970707e-06 1.514799310825765133e-03 3.524720668792724609e-03 1.558742821216583252e-01 2.299242019653320312e-01 1.854089833796024323e-02 2.166138961911201477e-03 1.039446219801902771e-01 3.437761589884757996e-02 1.187198050320148468e-02 4.265751689672470093e-03
3.750887140631675720e-02 2.127432730048894882e-03 3.522166516631841660e-03 9.033145383000373840e-03 6.026675924658775330e-03 2.299697371199727058e-03 1.103245769627392292e-03 6.075338460505008698e-03 1.211415743455290794e-03 2.507785568013787270e-03 3.915392607450485229e-02 7.563585638999938965e-01 1.514799194410443306e-03 3.505134372971951962e-06 3.077412210404872894e-02 2.525289775803685188e-03 4.046650975942611694e-02 1.861018687486648560e-01 3.191026626154780388e-03 1.208476349711418152e-02 2.138462662696838379e-02 4.622427374124526978e-02 5.687727592885494232e-03
1.394625939428806305e-02 4.215192515403032303e-03 3.460541833192110062e-03 7.083676755428314209e-03 4.443631507456302643e-03 4.018840380012989044e-03 1.421738183125853539e-03 1.131113525480031967e-02 1.963054295629262924e-03 2.845373377203941345e-02 8.688787221908569336e-01 7.232252359390258789e-01 3.524720203131437302e-03 3.077412024140357971e-02 2.490744464012095705e-06 3.182351356372237206e-04 3.455393016338348389e-04 5.320667028427124023e-01 2.897148486226797104e-03 5.101337097585201263e-03 1.413282821886241436e-03 1.717298850417137146e-02 2.331695985049009323e-03
8.135241270065307617e-02 1.528250705450773239e-02 4.560040310025215149e-02 1.153560876846313477e-01 3.943062573671340942e-02 2.795130945742130280e-02 4.784788936376571655e-03 5.199824459850788116e-03 1.951962895691394806e-02 2.577830478549003601e-02 2.481928840279579163e-02 9.410187602043151855e-03 1.558742821216583252e-01 2.525290008634328842e-03 3.182351065333932638e-04 9.148443496087566018e-06 4.030060023069381714e-03 5.083584110252559185e-04 2.198072848841547966e-03 4.367362707853317261e-02 3.354006214067339897e-03 1.378352055326104164e-03 8.009734563529491425e-03
2.875379845499992371e-02 3.495404962450265884e-03 5.783709697425365448e-03 1.001593098044395447e-02 1.043284311890602112e-02 5.306623410433530807e-03 1.329787820577621460e-02 8.209631778299808502e-03 2.844266826286911964e-03 1.200156938284635544e-02 1.191631611436605453e-02 5.562963895499706268e-03 2.299242466688156128e-01 4.046650975942611694e-02 3.455393598414957523e-04 4.030060954391956329e-03 7.534788892371580005e-06 3.070438839495182037e-02 1.155865844339132309e-03 5.392066389322280884e-02 2.373828589916229248e-01 1.059395261108875275e-02 2.443499397486448288e-03
6.358106620609760284e-03 1.304979785345494747e-03 3.844629274681210518e-03 4.902172833681106567e-03 4.666860215365886688e-03 7.839049212634563446e-03 6.056661717593669891e-03 1.851907931268215179e-02 2.518478315323591232e-03 8.418077602982521057e-03 3.599480167031288147e-02 4.885338991880416870e-02 1.854089275002479553e-02 1.861018240451812744e-01 5.320667028427124023e-01 5.083584110252559185e-04 3.070438280701637268e-02 1.824302330533100758e-06 7.763442117720842361e-04 3.065097262151539326e-04 4.468703866004943848e-01 1.474708765745162964e-01 1.831718022003769875e-03
1.276636682450771332e-02 2.379279583692550659e-03 2.007821798324584961e-01 1.371746789664030075e-02 2.057873457670211792e-01 2.809652686119079590e-01 4.490472376346588135e-03 3.777288645505905151e-02 5.872117355465888977e-03 5.057764053344726562e-02 7.442356552928686142e-03 4.262224305421113968e-03 2.166139194741845131e-03 3.191027091816067696e-03 2.897148719057440758e-03 2.198073547333478928e-03 1.155865727923810482e-03 7.763441535644233227e-04 1.001431155600585043e-04 4.262182337697595358e-04 9.521638276055455208e-04 7.546760141849517822e-02 1.248544082045555115e-02
1.675453782081604004e-02 5.652082152664661407e-03 2.273527160286903381e-02 1.859899461269378662e-01 1.587197482585906982e-01 2.544807270169258118e-02 5.494229868054389954e-02 3.246260434389114380e-02 1.358132250607013702e-02 2.668123319745063782e-02 5.886265076696872711e-03 4.158098250627517700e-03 1.039446145296096802e-01 1.208476535975933075e-02 5.101336631923913956e-03 4.367361962795257568e-02 5.392066389322280884e-02 3.065097262151539326e-04 4.262182337697595358e-04 9.800880889088148251e-07 1.546752057038247585e-03 1.025384524837136269e-03 1.326263882219791412e-02
1.807550527155399323e-02 3.622261341661214828e-03 6.558378692716360092e-03 9.076808579266071320e-03 1.221309602260589600e-02 1.239951234310865402e-02 1.140316762030124664e-02 1.451510190963745117e-02 7.643461227416992188e-03 6.570912897586822510e-03 5.286880768835544586e-03 4.545202478766441345e-03 3.437761589884757996e-02 2.138462476432323456e-02 1.413282705470919609e-03 3.354005515575408936e-03 2.373828589916229248e-01 4.468703866004943848e-01 9.521638858132064342e-04 1.546751940622925758e-03 2.449356179567985237e-05 8.038413710892200470e-03 1.407762407325208187e-03
1.102203596383333206e-02 1.084549934603273869e-03 4.441677127033472061e-03 6.558106746524572372e-03 1.791829429566860199e-02 9.599869139492511749e-03 1.619498804211616516e-02 4.873078316450119019e-02 7.401441223919391632e-03 1.219613105058670044e-02 1.307488419115543365e-02 5.579353775829076767e-03 1.187198050320148468e-02 4.622426629066467285e-02 1.717298477888107300e-02 1.378351822495460510e-03 1.059395261108875275e-02 1.474708914756774902e-01 7.546758651733398438e-02 1.025384524837136269e-03 8.038414642214775085e-03 8.991710274131037295e-06 3.933136351406574249e-03
1.411406230181455612e-02 4.437386989593505859e-03 1.057492718100547791e-01 1.160246040672063828e-02 1.404266357421875000e-01 1.578225791454315186e-01 4.619282670319080353e-03 1.855182088911533356e-02 9.890334680676460266e-03 1.863014325499534607e-02 3.035954898223280907e-03 3.741585416719317436e-03 4.265751689672470093e-03 5.687727592885494232e-03 2.331695752218365669e-03 8.009736426174640656e-03 2.443499397486448288e-03 1.831717789173126221e-03 1.248543895781040192e-02 1.326263695955276489e-02 1.407762640155851841e-03 3.933136817067861557e-03 7.237594400066882372e-05
