23	43	1.131771157231526
5	9	0.4514891587702996
32	36	0.44297745763950863
19	43	0.4264047420432293
27	41	0.40227328174609467
20	47	0.4010136452529661
19	47	0.39719963901708066
2	3	0.38254312372202187
65	66	0.37940439172545837
20	48	0.36904838747542446
27	44	0.3476921565849769
12	53	0.3464007949180925
23	40	0.3449162721713397
22	39	0.3025883373875846
26	40	0.3015311357980107
12	46	0.29661219098751246
32	33	0.29607072326031736
8	14	0.29492750583902566
21	22	0.2843726907289478
26	36	0.28105407813823813
5	58	0.2783074447470622
3	8	0.27705887478494645
24	44	0.27301213782133005
3	60	0.26346136486810273
2	6	0.2614395548011187
33	36	0.2566651681932369
10	14	0.2519023807462539
7	12	0.24766149146627925
46	49	0.23598835466038642
27	37	0.23268305846202952
21	47	0.23191487573762937
13	55	0.2261147083917598
31	32	0.2242102293050755
28	29	0.2227738319966518
3	5	0.22026391992476685
8	60	0.21840409938987648
3	14	0.21610039141314036
27	40	0.2105946591120166
6	49	0.20988821414395709
20	51	0.20828494806107334
45	46	0.2063747848910763
2	59	0.20363578538139804
14	50	0.2022065037580153
23	44	0.1892915188989335
64	65	0.18693895867243548
17	21	0.1858963115649473
23	47	0.1858367573297024
51	55	0.18571739087213732
5	8	0.1853599970456304
18	46	0.18439371142843708
18	22	0.18243482147101397
10	50	0.18212492583277884
9	57	0.18201537528341954
5	10	0.18136513467287296
33	34	0.17598527920300738
43	47	0.17398696722399726
19	21	0.17391039778902778
24	28	0.17257588591557935
14	18	0.17208952566115593
46	58	0.1693716641777654
11	15	0.1692958746302599
3	10	0.16897728420353442
19	23	0.16738767436242044
47	51	0.16602197877679103
21	25	0.1619322486485525
5	50	0.16143749116587658
17	46	0.1600110415800058
3	13	0.1599056295702601
30	32	0.15859079626025707
17	18	0.15708002222410622
37	41	0.15579632753148887
12	15	0.15465780748500646
63	64	0.15401750306524994
6	59	0.1539791732394707
7	61	0.15298806730644343
7	15	0.15200332710296904
1	2	0.15103573254044803
22	42	0.14937952008366118
10	63	0.14936684281680557
25	58	0.1466486351092959
3	64	0.14651795229538167
4	8	0.14573341600368556
3	59	0.14479312824476787
29	30	0.14476250234499827
32	35	0.14299316474366766
31	36	0.14252449983982335
14	64	0.14246620756096978
38	42	0.14088039156970392
20	24	0.14069425131393615
42	46	0.14066383504322266
31	33	0.14065613624383533
8	12	0.14058638630766607
32	37	0.13949240206667568
26	27	0.1387424356949291
18	42	0.13775985186629097
32	34	0.13589400072244828
3	6	0.13586050805197653
26	39	0.1339158359618387
9	21	0.1336895666048481
22	23	0.1325698110137084
15	50	0.13154651980195603
34	35	0.13102924786683004
61	63	0.13010086836956636
26	32	0.12963718077331396
52	56	0.12882263982785802
17	20	0.128725948907364
17	22	0.12853221111504948
14	58	0.12797643539932596
7	14	0.12787197595509447
7	17	0.12763670974610575
40	44	0.12552183029899083
64	66	0.12446251950792475
2	60	0.1203719812550238
6	10	0.12012819497036686
55	59	0.1189147005405666
6	18	0.11800269853994622
20	44	0.11731858982078397
12	14	0.11728228327791734
8	13	0.11656427080217852
59	60	0.11641602423028458
29	36	0.11572326757838294
11	16	0.11565947469201712
15	54	0.11552927018862036
13	50	0.11486587460685432
13	49	0.11486334153756939
5	12	0.11430749516322786
60	64	0.11410754068361967
18	50	0.11376346570228457
35	39	0.11283363155303014
9	10	0.11245374589518264
3	53	0.11133899885727211
2	5	0.1106312809627063
6	63	0.1105814719742258
20	46	0.11030712664912307
7	56	0.10960111596995642
10	13	0.10947989025799337
13	14	0.1090244416813338
44	48	0.10884184172621061
8	64	0.10875484215309239
7	53	0.10862963346403315
24	27	0.10833804116790008
59	66	0.10804899323374756
12	60	0.10804147459445446
16	54	0.10786777524550575
57	61	0.10716133507651412
59	63	0.10663208314654732
26	43	0.10588003874049667
6	60	0.10548341107301173
42	45	0.10548209718225501
4	9	0.10507858794835806
13	15	0.10407377061581669
34	37	0.10359246554693963
12	58	0.10244089089916619
29	32	0.10052215776660653
9	28	0.10011097698519444
2	8	0.10006474676399396
53	58	0.09974604358462918
41	45	0.09951334594490721
47	48	0.09873915667152633
43	44	0.09872146135827506
2	14	0.09851092837476977
6	14	0.09773577862235566
13	60	0.09504005184140157
40	43	0.09486002401863419
13	16	0.09453397620415888
32	40	0.09374888493869593
5	63	0.09257002734494396
60	66	0.09232902180071789
31	35	0.09229780476190984
23	27	0.09081867392214762
37	38	0.09077914858337055
2	25	0.09064816315832724
63	66	0.09020169785695398
4	56	0.09002076989958963
22	58	0.08996015825116427
49	52	0.08983999633942888
2	9	0.08916462185589863
8	9	0.08912040235455915
5	14	0.08859710723746317
25	39	0.08856026467596403
50	56	0.08825028221647391
55	62	0.08786903633344656
54	56	0.0874909038300159
7	8	0.0871135039787227
8	10	0.0866204058487236
25	28	0.0861412829257524
15	53	0.08602294724754758
28	39	0.08585285384238059
31	34	0.08564758533571142
35	38	0.08497218838484252
3	50	0.08497010532396382
25	29	0.0848792265541774
29	33	0.08443388224716353
13	51	0.0843663762544693
30	31	0.08398538185149142
3	63	0.08376249766997246
4	13	0.08321960304239584
11	66	0.08317546508077886
26	33	0.08271684530116785
56	61	0.08255512129563097
13	58	0.08190928723638169
22	46	0.08157243402051617
33	37	0.08151946475521676
2	50	0.08132810787849676
1	4	0.08128763386943993
14	21	0.08106877242515592
26	31	0.0806465125148845
47	57	0.08058552274694245
51	62	0.08048755138242103
7	50	0.08026739010745271
35	37	0.07985197218230047
22	43	0.07980383179474504
12	39	0.07885454993713459
30	36	0.07875567404140302
50	53	0.07811487097228431
14	17	0.07778940506687221
7	18	0.07591380204222381
4	54	0.07588129547965619
22	61	0.07573756087728167
31	37	0.07557532291916544
33	35	0.07495529572465806
9	49	0.07494132132805442
44	45	0.07430183565158197
58	59	0.07369190945319443
12	24	0.07352185746770423
4	12	0.07350975305343799
30	33	0.07340779294361122
20	21	0.0732351255090457
8	63	0.07255527130532435
58	62	0.07241531325753467
36	37	0.07208389135058305
2	4	0.0716953587646662
15	63	0.07125486991283855
6	64	0.07116974652483582
39	43	0.07090235354927521
16	17	0.06999576831544319
11	12	0.06965644285110029
12	17	0.06957647600734695
6	7	0.06941352578679966
45	53	0.06912076312243837
17	57	0.06894634472879119
32	46	0.06878525918453698
60	61	0.06862924503767104
30	37	0.0685212182440246
26	42	0.06809055758578283
11	53	0.06652277701493961
9	56	0.06648496997007547
5	55	0.06608446403051993
21	39	0.06505213107028096
14	63	0.06496458487726126
45	62	0.06479378687351112
6	22	0.06466762051252728
46	60	0.06412727761026993
38	62	0.0641214286138169
16	47	0.06405987742845323
41	62	0.06392382736502328
4	21	0.06329678529627641
34	38	0.0631061897953272
11	54	0.06286915347298122
46	51	0.06258435038013321
34	39	0.06252689791836893
15	56	0.061723368629977626
6	46	0.06129875139185753
2	66	0.0608260151884179
26	38	0.06062294556648251
37	62	0.06043436179627859
14	25	0.060429223353095696
12	54	0.059994602274139996
27	28	0.05976685595783124
11	57	0.05952344884045446
6	66	0.059519441618457625
2	17	0.05937455249126028
10	11	0.059220570124072947
12	19	0.05908600492252536
24	47	0.058717484672699966
15	66	0.05870317295850558
3	7	0.05862024020311746
12	49	0.058607812979894924
13	56	0.05852073146318593
53	57	0.05849135492177751
10	56	0.05825167879483245
29	35	0.0581767208451866
9	17	0.05815166626280094
37	44	0.0578808536778902
5	13	0.05772745463134138
27	62	0.05754046578869182
34	36	0.05747294465893338
6	53	0.0571594265145704
34	41	0.0568511594995164
38	41	0.05674197156451424
27	31	0.05648148668817701
51	57	0.056392115520319336
48	52	0.05556350322211062
11	40	0.055350582832953715
15	16	0.055069752826488655
42	50	0.055023519605992444
17	24	0.05442926320797198
2	46	0.05415106643001433
24	25	0.05383728959347622
39	42	0.05300675824708487
1	11	0.052946080604184056
9	58	0.05284119816886118
15	64	0.05272050605022349
5	53	0.05238480889824798
39	45	0.05236822881863243
4	6	0.052361206835611795
10	15	0.05220082187730979
50	51	0.05198925617574762
50	58	0.05156841835795978
6	8	0.05151440370538557
21	29	0.05118726633463769
13	63	0.051037953497974686
3	55	0.05072743850598127
8	59	0.05071402064303304
37	40	0.05058185415317318
40	41	0.050445019645679934
18	21	0.05041964350377298
37	48	0.050257194103576236
13	21	0.0501549964397171
41	44	0.05007167362270781
11	61	0.04984760405891375
1	3	0.04952234447317472
6	56	0.04948904790865566
8	21	0.04921661066657668
16	49	0.049040483646567795
8	24	0.04867163673969532
7	66	0.04823593757056441
18	25	0.04811453501500468
28	35	0.04804319582544167
63	65	0.04787970165641264
8	62	0.047764525014958814
50	55	0.0467163333355512
25	63	0.04661004235850716
53	56	0.046562016414556706
11	19	0.046509793212575395
49	54	0.04624210178893862
30	34	0.04601046696045409
3	4	0.04542659860933673
44	62	0.045254041720566573
7	13	0.045041745865744
50	59	0.04487662718345686
7	10	0.04467105469898269
28	37	0.04461064203694132
11	34	0.044216905825850916
16	30	0.04416332042818688
12	64	0.044155907590132715
27	43	0.04371337485609755
18	23	0.04366830448188341
11	41	0.04359539266269735
3	24	0.043578236285440275
11	26	0.04349024213994787
6	17	0.04330498613634859
45	57	0.043102392538615586
49	55	0.04297917323346173
4	63	0.04274481438498301
33	58	0.042732250457458126
20	55	0.042728050988724287
5	15	0.04256483000074773
29	56	0.04225311910603127
25	40	0.04201347102989203
9	42	0.04200340659000085
62	65	0.04189307539967457
1	5	0.04186595285895611
16	34	0.04183325303680238
61	65	0.041768782359273504
17	32	0.04173466368017675
29	38	0.04172252721316047
48	62	0.041623920108110724
2	63	0.041504674556448906
19	38	0.04143447628661917
58	65	0.0413417681157143
15	34	0.04123967645657747
19	26	0.04103511554236952
2	49	0.04092553374593333
38	45	0.04087406028259685
57	62	0.040863841251467165
13	59	0.04059871664487302
17	49	0.040530453867425376
35	62	0.03999171353440409
52	59	0.03980356951952008
1	7	0.03972619427677415
10	58	0.039574690449476035
28	30	0.0386278788727968
6	50	0.03862694275556988
2	28	0.038585674320691654
14	22	0.03851988823969532
2	10	0.038504067621269455
8	19	0.03837689452319559
18	60	0.03835837507481893
6	55	0.03802859890153454
52	57	0.03800930306332259
14	15	0.038000433273873924
57	66	0.03774260062376278
52	62	0.03762446887584503
15	59	0.037569501400415206
51	59	0.037282409208418577
26	29	0.03716042072984657
14	60	0.03712871318135519
54	63	0.037123659645025425
20	57	0.037070874361619294
29	37	0.036978498509527974
18	45	0.03672094140666882
35	36	0.03670369332929635
11	58	0.036678920401330695
25	27	0.03644917203841452
62	66	0.03640084797140811
25	43	0.03638274153023871
38	52	0.036248616077306034
14	54	0.03614833288954605
31	48	0.036058041136106514
48	55	0.036029432769147024
28	32	0.035832392470459024
13	52	0.03583168128191169
1	17	0.035803715784829215
7	54	0.03579383587426882
26	37	0.035738063338890375
46	61	0.03571657115648397
9	60	0.0356989698146164
1	13	0.03565417186578376
41	48	0.035530087150243736
7	65	0.03525187687399847
16	58	0.03509003536208566
28	62	0.034888644255100465
49	56	0.03484944896024472
52	55	0.034844369610557924
3	66	0.034761441152011574
2	64	0.0346456852352271
14	53	0.034362620426439894
21	43	0.03435106944921751
19	57	0.03434260791846769
28	36	0.03417460544028619
41	52	0.033973983846024264
18	56	0.033615821514559
19	51	0.033388027081517224
11	62	0.03326031537735019
1	15	0.03294000239607234
4	5	0.03283376179288128
39	56	0.032750896594838375
60	63	0.03262803854229468
2	61	0.032607088907878334
5	57	0.03243432831579762
11	65	0.032429782930532086
30	35	0.032320587925099925
1	18	0.032240245200244044
39	46	0.03219901533838415
29	53	0.03136201994430149
50	54	0.031178085839196457
26	28	0.031155091134351748
24	29	0.030917076014099487
11	38	0.030844369872815636
38	44	0.030782870620428615
2	29	0.030659510048260785
42	62	0.030631448820386598
50	63	0.030596017652544272
61	62	0.03046746297050071
41	42	0.030233145655974458
31	38	0.030010607995955688
13	22	0.02981254235748043
11	23	0.029764857122906413
4	42	0.029693112203979244
16	57	0.029622144065989647
18	61	0.029584429286686864
27	29	0.02958221235943273
23	57	0.02934471961114793
29	31	0.02916882535544202
11	48	0.029147785342684973
35	48	0.02908880130403138
7	64	0.028614526245840988
49	51	0.02856099770952167
34	65	0.028220147479239885
46	59	0.028110635031838194
8	25	0.0280711226612248
28	41	0.028067163814370882
11	43	0.028037435752406442
55	56	0.028024545162180337
24	54	0.027923403394440716
5	51	0.027911593164446302
31	40	0.02789386071510702
56	63	0.02777396341579852
37	52	0.0276299722389165
8	39	0.027366681354583144
5	22	0.02726115051789596
31	62	0.027104422908701242
24	64	0.027081514687598812
37	65	0.026941025493551346
38	40	0.026923420728344388
3	45	0.026763541950540648
59	65	0.026579384593507616
12	59	0.026412540942114093
8	50	0.026393717273373807
25	36	0.02625722595657723
17	51	0.025842255946363357
1	9	0.025783680984267338
20	23	0.025783033661649857
1	53	0.025567500365757556
9	64	0.025300510200385096
16	66	0.025075414539906388
28	42	0.025047953357803104
45	52	0.02479653094339848
51	54	0.024771695009030315
32	39	0.02458032806307056
19	46	0.02454979215433617
23	41	0.024538069101407017
30	38	0.024220273495326516
42	56	0.02419735479106755
6	9	0.024107729177184234
16	25	0.024048256772737142
15	57	0.023921241641698426
22	38	0.023832752527021744
10	17	0.02381224877907928
20	45	0.023806180572278512
4	39	0.02372319108603438
47	52	0.02347858094269295
19	22	0.023439083323740673
28	31	0.023318263612438633
37	45	0.02327802981951002
6	51	0.02315735267562785
14	24	0.023065218989617997
15	35	0.023056397673805046
20	52	0.022974575804348335
34	52	0.022923699054824
36	38	0.022854182921061894
17	54	0.022780518488744406
11	64	0.022673154861225953
45	48	0.022492771637439485
11	49	0.022303220060215928
21	46	0.022108673022187664
6	61	0.022055115123205016
49	57	0.021989979378477548
8	56	0.02176780831160552
19	45	0.021627387095144418
24	39	0.021455660266849003
19	41	0.021437855925037858
18	53	0.021387920122735493
22	25	0.021269041175879078
22	54	0.02121226923394981
26	34	0.021085236880215963
35	42	0.02094783352683202
1	49	0.020898819885965203
20	37	0.020815139658770132
22	56	0.02066841349246945
16	38	0.020645358272729536
29	34	0.02061951980730478
28	44	0.020443119522168957
34	45	0.020152877949936282
3	9	0.020085290623084284
7	58	0.020055979871509255
35	64	0.019915831193744432
6	62	0.019766241782891214
31	41	0.019741318533578994
52	61	0.01964757513817053
34	48	0.019631818887861682
10	53	0.019551900166177194
54	65	0.019436394422930214
1	16	0.019430807251206245
28	61	0.01935338473037837
20	49	0.01922156144788864
6	13	0.019091460461766185
4	46	0.01908991220857914
23	26	0.018930275860911228
15	43	0.018910581368333845
39	41	0.01888307583226964
18	39	0.01883151248889514
54	64	0.018716603654028968
28	34	0.0183839974703901
35	41	0.018055021634763996
16	62	0.018003334929250492
38	48	0.017969705821451645
13	65	0.01787969850164567
54	57	0.01785545335941932
9	45	0.01783929647242849
34	40	0.01783828019413683
54	66	0.01783501849886479
31	61	0.017623217657714796
30	48	0.017368406989451177
24	30	0.017326999059692927
35	45	0.017207672938126167
15	26	0.017157767980223726
46	52	0.01683265451797139
7	60	0.016792865859174777
36	42	0.016759137178865402
32	38	0.016694238727988392
12	50	0.01662453770038813
52	66	0.016610411966501384
45	56	0.016582127157341336
3	20	0.016570468061704535
29	52	0.016500267801893537
10	57	0.016488761374199745
9	54	0.016448911578741288
4	29	0.016442671000812564
27	38	0.01643020789288749
42	52	0.01640420328442782
9	62	0.0162958911056022
18	59	0.0160991870969171
38	61	0.016093176901337602
3	65	0.016080699574042234
46	47	0.016054404353653406
11	24	0.016046902630674237
36	49	0.016035949059497873
23	39	0.015970998288856564
21	42	0.015916436209895246
8	55	0.01558920634978428
36	39	0.01555626139046215
48	51	0.01551125344577875
14	51	0.015460185302449081
8	18	0.015434103320407233
9	51	0.015359764080193683
24	60	0.01525752068596209
16	41	0.015190500826381736
16	31	0.015164960507284636
1	63	0.01512572129773454
16	43	0.01509197153348607
46	62	0.015074172297387278
1	65	0.015010069324255942
33	38	0.014952624661130953
22	47	0.014895525297163481
31	44	0.014865499223696926
39	62	0.014770456903318546
12	36	0.01440174082293566
19	49	0.014354910079678262
36	64	0.0142434900034146
2	7	0.014237263159520563
16	50	0.014176844807416822
19	60	0.014128883815844095
8	22	0.01412430857368363
21	51	0.014073713677197397
34	62	0.014046663303066587
5	25	0.013982264453584692
35	57	0.0139344689378757
62	64	0.013829074053720025
59	62	0.013749659205804732
23	37	0.013694530156243279
22	57	0.013674534140935724
20	29	0.013576159138287053
25	57	0.013469813442739426
11	35	0.013459926709936204
30	40	0.013455527871246209
24	57	0.013442418980731119
27	48	0.013379043925433265
19	25	0.013046811415019843
4	64	0.012847266209320057
16	53	0.012577467997450964
56	60	0.012577316036287034
29	39	0.012566678601466125
28	48	0.012506023087801021
23	48	0.012490879711089725
51	63	0.012239589627179581
30	61	0.012231758961835482
29	46	0.012061097718916336
45	55	0.011965948708458518
26	58	0.011962145585346418
24	48	0.011937424982355699
4	58	0.01192895659609694
39	58	0.011836250934432635
19	20	0.01176949872152211
21	28	0.011684740726479681
13	39	0.011498201097549732
27	47	0.011381534037430974
48	57	0.011325693254726849
28	56	0.01117568927471993
38	53	0.011131855121063988
41	43	0.011010519429353272
59	61	0.010983680442474997
6	65	0.010919987755561356
14	55	0.01085201449150025
37	39	0.010841375094760242
1	58	0.010493596471023187
26	56	0.010422858413707242
3	17	0.010378865903669099
16	24	0.010373818156956455
39	40	0.010359604104452969
36	40	0.010348567853740998
9	52	0.010335648627859628
41	55	0.010329136548925477
33	48	0.010317728577208252
10	55	0.01029924684479644
54	59	0.010199305724399976
18	54	0.010179178952231138
17	23	0.010149845475280639
25	33	0.010051269729397266
50	64	0.010049032738248531
25	61	0.009986796334659626
1	6	0.009973159786402841
1	34	0.009955464948791043
31	39	0.00990863458423738
9	39	0.009896907671145927
15	55	0.009731510330328902
38	65	0.009664931366644619
4	25	0.00958279962241787
1	64	0.009508756255193068
50	57	0.00946296488200632
16	27	0.009455679494639047
30	52	0.009440182934754265
30	41	0.008960341107718942
37	47	0.008954363753323896
48	61	0.008760160698175784
17	50	0.008755711050832116
45	60	0.008732329138903538
27	30	0.008529595931991485
55	65	0.008394817706923213
10	62	0.008370315397138672
20	62	0.008316878535564787
28	57	0.008280299010152342
16	29	0.008174103025394869
7	22	0.008119501714138999
32	60	0.007999294564849352
35	54	0.007919624780252849
33	62	0.007837856825253509
1	10	0.007836255002547754
17	55	0.007779179464937669
13	54	0.007743162823684702
18	32	0.007732784233393131
58	61	0.007731141549878695
24	32	0.007589705690635357
11	13	0.007571876575612813
26	61	0.007547475918822322
33	41	0.007203468808261115
31	58	0.007169510924569716
37	43	0.00713702242917591
15	40	0.007132249977636784
5	60	0.006999140829435868
45	64	0.006994534237589917
27	36	0.006933028278279935
2	12	0.006895187719321183
13	34	0.006727717168809766
9	14	0.006640302079444438
57	64	0.0065769542805341474
27	34	0.006437333277250462
31	52	0.006370631320962411
29	41	0.006209479318828759
1	28	0.006143215418008774
1	47	0.006086782140162256
31	42	0.006055674705650688
4	7	0.005926437140179763
23	61	0.005899336163868035
25	30	0.005833436337413206
12	33	0.00582840948163027
43	54	0.0057725179969481955
55	66	0.005737668511989424
16	65	0.005692442193204306
27	39	0.005600944888993681
5	11	0.005567421793224725
24	59	0.005545922887982141
11	27	0.005510421105695551
9	11	0.005395202589185244
28	45	0.005384106911697412
39	61	0.005286614071530749
21	64	0.005228252608107026
35	52	0.005162039394566165
48	53	0.005143479397955925
40	64	0.005122427865792534
16	56	0.0050760908364616
18	49	0.005067710857583341
5	56	0.005043965989526555
52	65	0.0049978770219448465
41	65	0.0049177153321203065
46	57	0.00485044547319291
9	18	0.004775922921148534
53	61	0.004775003864727012
21	44	0.004694990328162424
25	35	0.004602273866061851
40	66	0.0045965427568012
44	55	0.004581036806575511
29	61	0.0045386937335321065
44	58	0.004485049305553296
16	33	0.004484885728945037
11	47	0.004475533893346317
35	65	0.004430418758548854
31	45	0.004349094516955754
49	53	0.004289624836901984
22	60	0.004280049631496696
59	64	0.004240533530386337
30	45	0.004236176849214596
26	66	0.004090913640506816
12	22	0.004065162390153698
42	54	0.004054154494477186
25	32	0.003941587628258525
9	20	0.003912807580923883
42	47	0.0038903505193808308
12	16	0.003881283088980947
28	63	0.0035947041867802065
30	65	0.0035392086151166957
30	54	0.0033761980456540885
55	60	0.0033507114664814708
30	56	0.0033170400517211762
10	61	0.0032614981025365086
21	54	0.0032133228476080578
4	35	0.0029813327591645677
1	52	0.002940541059598706
41	66	0.0028446518977459784
27	33	0.002679276395043978
16	35	0.0026415602207925104
11	52	0.0026035070644196134
4	18	0.002552605308172917
16	20	0.0023997344036845725
40	52	0.0023637578777420676
49	65	0.00230214210292376
6	24	0.0023008252570517196
48	65	0.002292531554162522
12	57	0.002289268389304988
10	47	0.002187709308240582
29	64	0.0021570623205132144
25	49	0.002140085527205904
34	44	0.0020382005796447944
19	52	0.0019009553436021842
25	31	0.0018023717607694167
16	37	0.0017114977198158243
3	49	0.0015865053634551707
13	20	0.0015581225231831586
33	61	0.0015414326844205573
61	66	0.0014918792691728244
13	66	0.0014418547170425844
15	41	0.0014120020806111244
45	54	0.001213815345323388
31	65	0.0011067743069289454
24	61	0.0010961439444611143
7	62	0.0009901303054823951
4	60	0.0007799484851199745
47	49	0.0007405048759162314
22	45	0.0007230044703103733
15	48	0.0006369337501994643
7	25	0.00043649657756245075
16	64	0.00040783733472293804
37	42	0.00035716626235679505
27	32	0.00029182821645620804
14	66	0.00012820098522831058
30	66	9.107511753207731e-5
17	53	3.1358906928291574e-5
4	28	2.426621493542558e-5
17	62	-3.795696209857313e-5
4	34	-0.00015849053164931903
10	54	-0.00023770657510757687
24	31	-0.00026175811688677886
21	57	-0.0003165749383334804
27	45	-0.0003258668851622848
17	29	-0.0003434336534326454
1	46	-0.00036198478404672607
8	53	-0.0004351234277142346
39	59	-0.0004847102121818825
1	21	-0.000722817946295834
16	55	-0.000882516962032176
51	60	-0.0009939349570943223
28	51	-0.0010168130319338775
1	35	-0.0010204384478388479
32	44	-0.0010662393064354014
28	38	-0.0010722013263434471
9	50	-0.0011416752308535671
57	59	-0.0011950637244191875
28	40	-0.0013107497923105504
58	66	-0.001331098541908965
15	30	-0.0013539345109219447
54	62	-0.0013762383728238847
40	49	-0.0014877734005666055
44	46	-0.0017046415024550288
17	33	-0.001738109797233378
17	47	-0.001747934939749174
43	49	-0.001769104081610351
18	29	-0.0017992621513560625
23	28	-0.0018605129802547193
1	8	-0.0019203199007475358
33	39	-0.0019772530766511143
42	61	-0.0019801690725351484
8	49	-0.0020011256788389775
47	60	-0.002182633026207359
25	26	-0.0022285448936581465
16	40	-0.002248454918462206
9	46	-0.002299635563298208
21	40	-0.002302657935510377
2	51	-0.0023296869006064203
38	39	-0.0024042859312416176
15	65	-0.0024300635418486316
48	58	-0.002474640534290279
3	56	-0.002489811360744998
17	61	-0.0026306932335393163
13	53	-0.0026394460541894205
45	61	-0.0028055667254359706
53	66	-0.002822908766277027
21	26	-0.002984100080011848
4	44	-0.003021463175823247
24	38	-0.003036773081475097
10	22	-0.0031891779883203575
16	48	-0.003233064045359696
33	52	-0.003267263255689795
31	55	-0.0034740526155188634
51	52	-0.0034996387598032197
41	57	-0.0035199211043276113
9	59	-0.003543872105546242
1	42	-0.00370015495235812
1	19	-0.0037349017346045565
1	50	-0.003747423383848536
32	48	-0.0038044927571917464
30	44	-0.003884401303121121
4	15	-0.00393179500895946
18	36	-0.003933468168880017
29	58	-0.00411693532890367
4	48	-0.004294169268247855
45	59	-0.004413099290759309
11	30	-0.004416902834895833
15	19	-0.004420212538421897
28	33	-0.004473878002536402
1	38	-0.004502784511323479
38	56	-0.004710939258548152
30	50	-0.004718599628096509
16	61	-0.004720123082571803
18	57	-0.004811474022936857
1	30	-0.00486245940106339
17	42	-0.0049345773332367115
34	61	-0.004945074867791777
36	41	-0.004952929415434015
10	32	-0.004985881839728035
45	49	-0.005028770993021875
21	56	-0.005060118368954425
44	61	-0.005117035930692654
19	37	-0.005257804593708421
11	37	-0.005350136978226755
23	49	-0.005367817940326203
22	35	-0.005542989211345523
8	51	-0.0055440667994459125
40	65	-0.005681036031501857
53	63	-0.005697713971074131
16	59	-0.0057770207352657865
17	66	-0.00579230113312762
54	60	-0.005825628446627651
27	52	-0.005882918977827528
41	61	-0.00588399016526836
9	22	-0.0058950165602965066
51	66	-0.005895999538885033
1	51	-0.005917214832982215
25	42	-0.005930779691344118
38	66	-0.005938717674663127
16	26	-0.005966356377591797
2	53	-0.00600119011828365
16	39	-0.006044997745944747
23	30	-0.006076338422326105
37	54	-0.006106845366503827
1	61	-0.006122882094573984
26	53	-0.006285652427545391
24	42	-0.006291396419982553
1	29	-0.006297988894220383
31	63	-0.006404812207480681
55	63	-0.006419647392722272
7	59	-0.006453452403347271
5	7	-0.006585809339729853
10	16	-0.006626222834705597
56	59	-0.006723187118727492
30	62	-0.00693172919258031
1	57	-0.006936618229348296
19	35	-0.006954371943976634
26	48	-0.006994050675402624
18	65	-0.007091471443628872
18	58	-0.007200617251183816
1	66	-0.007294265833088842
48	54	-0.007305113749911218
19	42	-0.0073180908415313994
15	38	-0.007322711749632643
24	35	-0.0073306446456216645
33	45	-0.0073849663887489425
2	54	-0.007472040400221258
5	49	-0.007510163921964685
33	44	-0.007526319999090203
19	48	-0.007677590989779909
21	63	-0.0077736213792198305
24	41	-0.007871090655702934
12	51	-0.00789725500806282
25	46	-0.007927120586554592
6	38	-0.007936370909371132
27	42	-0.007946600674053894
42	43	-0.007948981738762129
22	52	-0.008029570349773085
19	65	-0.008042403823568994
11	50	-0.008047695620040818
42	65	-0.008076062891371222
8	61	-0.00814316380545399
1	37	-0.008190009846589852
20	39	-0.008204799656917838
40	48	-0.008210355684499099
21	24	-0.008438009858037804
4	57	-0.008496626886790759
12	21	-0.008526844914373832
5	17	-0.008544211740791507
17	59	-0.008575442947019618
36	52	-0.008692443281222428
51	64	-0.008693635129489063
6	54	-0.008761835814826424
4	14	-0.00879750497800802
39	63	-0.008817976756419016
1	41	-0.00893067357664308
1	14	-0.008936034116819841
16	52	-0.008942158925021676
35	53	-0.009027414319047133
33	40	-0.009126272499499433
7	41	-0.00920119235880873
19	54	-0.009231030680797947
12	52	-0.009422699613383906
36	60	-0.009443715266703623
15	51	-0.009449872394831471
60	65	-0.009559975622326883
53	54	-0.009577883361217954
34	66	-0.009606041837638274
34	47	-0.009626605830770574
34	43	-0.009697661135624841
55	64	-0.009724814093164391
16	23	-0.00975520131619223
53	60	-0.009786802366412606
34	58	-0.009820400639451693
37	55	-0.00983510181466879
53	62	-0.009842901716514307
1	31	-0.010011760951682241
23	45	-0.010012932109964595
42	64	-0.010119674794898975
28	47	-0.010169097557410328
16	45	-0.010186512587722907
30	49	-0.010198031283246367
21	60	-0.010206183981453565
4	10	-0.010221175779133729
2	20	-0.010224141727225466
1	60	-0.010288088111109317
20	34	-0.010290271646724969
11	28	-0.010360104875222265
31	43	-0.010385719197319426
20	38	-0.01054802192471388
45	65	-0.01066783405818536
39	57	-0.010753247174642433
25	56	-0.01076721448554141
19	32	-0.010819787829685484
35	40	-0.010862850422687614
25	52	-0.010870954737642158
42	48	-0.010963806827045008
9	55	-0.010973848451336199
38	43	-0.011002791319149108
35	55	-0.011039876037235136
19	28	-0.011055929998477598
23	34	-0.011064977749785043
44	57	-0.01110649401984054
24	51	-0.01111175454875471
4	65	-0.011124649295305933
49	62	-0.011148353005841022
30	43	-0.011323003804542653
30	55	-0.011345016809298253
22	29	-0.0113562017336174
40	47	-0.011553407685647415
48	49	-0.011573878791659387
47	55	-0.011601285354550184
28	52	-0.011608254374931293
16	44	-0.01163171351645248
2	58	-0.011650176494054532
17	48	-0.011677924436824388
56	66	-0.011711330105479145
33	53	-0.011735773016452566
1	20	-0.011856969559411595
29	42	-0.011858379957008364
40	51	-0.011866024407157255
26	65	-0.01188527812762677
49	59	-0.011927596592447909
18	52	-0.011941430572847411
26	44	-0.0119977222455048
42	44	-0.012047878424220032
13	46	-0.0120923192488675
50	66	-0.012194591425851747
18	35	-0.012204057554028841
22	51	-0.012272996698450334
27	65	-0.01227572914749886
4	52	-0.012381734903785524
18	51	-0.012387103703101199
47	65	-0.012418031695616283
23	35	-0.012424089239379932
34	49	-0.012442750886482667
20	40	-0.012482850315674504
23	24	-0.012489220518678651
8	57	-0.012491385758272355
5	31	-0.012530177940605514
29	50	-0.012627822333958039
2	56	-0.012727309634180672
12	56	-0.012728290475930548
4	59	-0.012739431258935119
26	35	-0.012775092278509925
4	30	-0.012895923341862237
49	63	-0.012941716137093107
44	52	-0.012962927378436157
2	55	-0.013103810552042572
38	51	-0.013153516232954465
56	58	-0.013189695810952085
30	59	-0.013219430384225933
16	19	-0.0132269815647717
42	59	-0.013257350421542524
6	25	-0.013260207042377403
22	55	-0.013288203824040612
3	58	-0.013306789463818636
15	52	-0.013407399537530534
18	30	-0.013414221887842998
4	11	-0.013434198775286066
20	42	-0.013441649707050918
37	59	-0.013518436655840571
36	65	-0.013532877698670731
24	52	-0.013538694290977038
20	27	-0.013614825715808881
9	29	-0.013628122351251326
1	40	-0.013649894131360016
8	54	-0.013651448325306903
19	30	-0.013653490182021832
34	53	-0.013737632394156873
16	28	-0.013823687178974642
35	43	-0.01385161004682553
26	59	-0.013948628953221492
53	59	-0.01397982226260533
32	56	-0.014015840305361321
11	33	-0.014037796062685043
33	60	-0.014192593346786131
20	60	-0.014226612248222525
48	66	-0.014230879961842025
10	65	-0.014459886497933866
24	63	-0.014616224171633219
42	57	-0.014617202221663295
1	33	-0.01462730848692137
5	54	-0.014641274758967315
43	56	-0.014679159501075845
11	21	-0.014694388201914349
51	56	-0.014714198688902724
2	30	-0.014739705448779034
17	60	-0.014758143486751862
20	32	-0.014847595669666869
34	57	-0.014847919885336736
35	63	-0.014917008303193896
35	49	-0.014970843499380299
53	55	-0.015028784033047554
27	35	-0.015182050647397027
30	63	-0.015202888915062218
7	16	-0.01521291440003067
43	45	-0.015252661693510805
34	54	-0.015332945662077574
27	55	-0.015348422455952943
24	33	-0.015370105564183362
20	33	-0.015488555894666828
4	43	-0.015511970008476678
19	56	-0.015556628096413394
16	22	-0.015561008954244393
15	23	-0.015656225657099426
33	55	-0.01567493396690675
37	58	-0.0157389373835099
39	52	-0.015824079160103255
4	38	-0.01587713685112993
42	55	-0.01589452918689213
44	51	-0.0159128821282587
7	30	-0.01592540369342632
4	16	-0.01593236435878262
9	16	-0.01598701695955651
30	57	-0.01603491798345577
20	41	-0.016046608761056513
10	52	-0.01605947677819164
22	28	-0.016232996188392135
10	66	-0.01623393264926873
18	31	-0.016263141884358567
34	56	-0.0163018208209863
35	44	-0.01642597160258713
28	65	-0.016490108895134165
27	61	-0.016536318703666203
35	59	-0.016693067193536776
41	47	-0.016706633005503513
23	42	-0.016772951924864055
25	45	-0.01677891512947427
23	52	-0.016879814900073398
35	47	-0.016944143216859858
17	64	-0.017078090169200144
36	58	-0.017104089539013573
55	57	-0.01723721153188637
22	59	-0.017237500851769505
54	55	-0.017286006050567737
35	56	-0.01734783281068994
11	45	-0.01738214606672675
8	46	-0.017394414237487832
24	34	-0.017407488857670517
3	62	-0.01744897566797937
12	63	-0.017501360854006442
4	45	-0.017528688351309163
38	55	-0.017528758359473567
15	62	-0.017529028580987288
20	25	-0.01757219558325296
23	51	-0.017625339693101344
19	39	-0.01764396864559928
19	66	-0.01768473761307679
44	64	-0.017757116274139534
19	34	-0.01776878885972777
40	54	-0.017840059829715676
46	48	-0.01786672078042953
7	33	-0.0178701788953069
20	35	-0.01787678855095945
25	41	-0.017891071901444205
26	62	-0.017933647702087968
26	30	-0.017954510821236627
15	60	-0.018087821877447285
29	40	-0.018151196024043414
5	46	-0.018172758325279814
40	45	-0.01819419131946637
23	55	-0.018270836146957903
12	45	-0.018344967347314584
11	31	-0.018371989599501065
61	64	-0.01838461745930456
1	25	-0.018401485544601526
4	24	-0.018443831928846688
20	30	-0.018608900695677777
7	36	-0.018626358743189547
18	38	-0.018630991594835666
6	45	-0.018633547059203892
30	64	-0.01873249633220457
49	60	-0.01885879480606356
21	52	-0.019039313068835467
10	30	-0.01904267513515856
37	51	-0.0190586157271547
33	42	-0.019115801773762015
7	34	-0.019121071267229756
28	54	-0.01921322782641402
8	38	-0.019213831250311758
14	36	-0.01927565721111013
15	28	-0.019281471443383352
33	64	-0.019326852736798378
33	46	-0.019339582928003557
11	55	-0.019344418453361045
29	48	-0.01939824073095167
22	62	-0.019482838456160723
1	26	-0.0196615493942143
33	43	-0.01971715040060104
14	65	-0.019911319150074602
19	40	-0.01994415775653835
36	63	-0.0200900486562606
31	66	-0.020109913561060497
41	54	-0.020145747738064324
43	48	-0.020173744777778807
48	56	-0.02023135654237715
52	53	-0.0202572536843314
17	38	-0.020284141586266485
36	50	-0.02031525181982588
48	64	-0.02032604566738805
30	53	-0.020487418913278238
21	41	-0.020487948701206155
11	17	-0.02050441163728034
7	52	-0.02064307396239054
15	37	-0.020652250192733812
4	31	-0.020660430256722567
4	41	-0.020704642086589647
13	61	-0.020715142542811482
15	61	-0.020767977330181958
45	51	-0.02084232336225386
36	51	-0.02090398031046395
49	58	-0.020938526998959484
6	16	-0.020960123398145014
1	32	-0.0209614437464654
39	48	-0.0209681349063989
29	44	-0.020986882697392573
36	62	-0.02104447928217501
4	50	-0.021046528109617046
36	43	-0.021047260736951567
21	48	-0.021145259171165248
25	38	-0.021197241267375322
38	64	-0.021263784402112906
5	59	-0.021382304475292435
21	61	-0.021417160311948652
13	26	-0.02148170000163696
38	47	-0.02158335818558324
10	49	-0.02176809263389201
52	54	-0.02183332792801909
7	49	-0.021840680997809836
34	55	-0.021853110281024907
36	53	-0.022031552673787785
25	44	-0.02207515817868458
3	61	-0.022094835314897254
25	54	-0.022107210012418277
30	39	-0.02215569863177211
2	65	-0.022228207654618276
10	40	-0.022297898295020407
36	45	-0.022499135868625758
7	11	-0.022509686481906377
17	52	-0.02269614021350802
52	63	-0.022763197424449072
30	47	-0.022823724699279485
11	14	-0.022921414333853335
15	24	-0.022936646493875
40	58	-0.02298067425274511
31	47	-0.023013794973992918
16	18	-0.023017738621221112
30	51	-0.023047687031823666
10	51	-0.023110164213285656
43	57	-0.023111876634825362
19	31	-0.02313878397048888
36	48	-0.023143311337178202
1	48	-0.023161220251823336
29	47	-0.0231686063592344
12	42	-0.023297042549374924
27	58	-0.023367033728841857
23	38	-0.023370022792414152
29	62	-0.023441700908393037
3	52	-0.02352023389138047
3	12	-0.023543201033924988
35	66	-0.023544502149778837
19	62	-0.023617717454845782
14	42	-0.023654389831962552
23	50	-0.023668906354216646
34	59	-0.023712748087809155
16	21	-0.02374244905818043
38	49	-0.023773605986561724
25	64	-0.02380658054603116
27	64	-0.023813650269896097
2	45	-0.02386232295697338
37	66	-0.023900244362785553
16	32	-0.023987774071974416
39	50	-0.02409165013779241
20	28	-0.024116624655056457
25	62	-0.024122438502368504
8	30	-0.02417537037905193
25	37	-0.02422103214426269
56	64	-0.02429556453049228
24	40	-0.02434594627593306
5	30	-0.0243482801824057
57	65	-0.02439816040261708
44	47	-0.02449759426251108
44	65	-0.024507816221042353
12	28	-0.024604248342936813
4	22	-0.02463699819624554
5	61	-0.02464021926328705
43	66	-0.024693404273922054
58	64	-0.024798833484843102
24	37	-0.024841575758145662
18	20	-0.024876999387178744
24	53	-0.024995761689381724
29	55	-0.025023859881520283
44	59	-0.02502913200128898
51	65	-0.02505471591643721
43	65	-0.02506841555102124
10	48	-0.025107673326629498
52	58	-0.02514898801299481
23	31	-0.025300706729211198
19	27	-0.025305155423514802
20	59	-0.02533041129590674
40	57	-0.025350529941332217
18	55	-0.025366259510371303
32	65	-0.025414218724239837
30	42	-0.02550406714975692
13	41	-0.025509353575133453
1	54	-0.02555074853539234
1	12	-0.025594696936638156
15	21	-0.025777425790799835
34	50	-0.025853880812418323
30	58	-0.025859172250998375
53	64	-0.02586973207442092
10	35	-0.025873916915418932
35	58	-0.02601337844276444
42	49	-0.026051610257273428
4	49	-0.02609601207815168
40	42	-0.0263135043264216
17	44	-0.02635264795553538
11	25	-0.026374589374132118
3	57	-0.026427609309089328
52	60	-0.026432340150820383
15	47	-0.026469425098346128
26	63	-0.026470602202794985
25	53	-0.026710427531563663
13	48	-0.026785591436048167
2	42	-0.02685206590827921
29	59	-0.026910146198097673
28	58	-0.026913109984237682
25	34	-0.026920500835657918
26	41	-0.02693498977801652
12	25	-0.02696926881827838
34	51	-0.02698730765789492
19	44	-0.027184759527792424
39	66	-0.0272295148360871
19	50	-0.027344405218118317
31	56	-0.02734955004872841
26	57	-0.027389752602983264
39	54	-0.027426228755668497
7	37	-0.027461741393625894
16	42	-0.02748564552359989
10	26	-0.02754759612314797
29	60	-0.027559685638327586
19	29	-0.027576286049703636
44	60	-0.027629857824881587
39	51	-0.027631255128692384
33	65	-0.02771640471504075
24	56	-0.02772498004131202
27	66	-0.027738244328130726
18	33	-0.02773841286327508
38	57	-0.027764276166280633
18	47	-0.02777005447616626
14	28	-0.027774936886283824
32	41	-0.028024306758539355
23	36	-0.028094999219723776
41	49	-0.028152870431550653
1	55	-0.028176737935092233
36	57	-0.028203145158551435
6	31	-0.028225505015107427
6	44	-0.02829219281271017
17	36	-0.028346106028918933
20	50	-0.028398424889914897
11	60	-0.028497336168945814
29	57	-0.02851974155019324
2	15	-0.028536456464783977
18	37	-0.028552685135568967
47	50	-0.028581277311170217
19	24	-0.02858763881836901
6	29	-0.0285999134063519
22	26	-0.02864868599020809
1	39	-0.02869998793048356
31	54	-0.028723229441480036
31	59	-0.02890177739655242
5	36	-0.028985572838067353
25	55	-0.029021818828396134
5	48	-0.0291294449125723
25	60	-0.029322747427587004
6	36	-0.029322935017996488
17	56	-0.029327125510631546
29	65	-0.02932908929519641
20	43	-0.029342023864734862
32	42	-0.029345785738672303
2	21	-0.029353215027063673
17	45	-0.029434887014101074
2	24	-0.029451937140986262
32	43	-0.029453651319201885
35	51	-0.029455341002341928
27	57	-0.029466730726841056
34	42	-0.029606108186557206
9	15	-0.02969394065528347
31	53	-0.02972709894187378
14	44	-0.029741488926420534
41	53	-0.029795361589628075
46	54	-0.029802128413025375
24	66	-0.02985106200203247
33	66	-0.02985421367080479
37	57	-0.02986104475811327
6	33	-0.02987157862019124
6	15	-0.029945150965915268
13	42	-0.03000305957777838
39	60	-0.03002412007779781
35	46	-0.03008783215883154
9	48	-0.0300904904366133
26	52	-0.030108867233497816
32	52	-0.03023714425406565
29	43	-0.030237654969494265
23	33	-0.03030419554950084
45	63	-0.030410439414349733
7	40	-0.030507208620268733
21	27	-0.03058837353347746
7	48	-0.030624587836895756
11	63	-0.030631399030804835
6	42	-0.030660158896301137
20	61	-0.030680073396784857
40	55	-0.030711634150829947
5	39	-0.03071823021018394
7	46	-0.030746561521964533
4	19	-0.030758481812815403
9	38	-0.03076481258870359
8	42	-0.030844374263818197
7	35	-0.030852271132542103
21	53	-0.030901466304733116
31	60	-0.03093465838929718
25	48	-0.03105173206044176
37	61	-0.03105548524981505
35	61	-0.031081397418510792
32	47	-0.0310882503780342
18	44	-0.031100582266648996
15	45	-0.031129245787116733
4	33	-0.031173979180135036
1	56	-0.031175496091235072
23	62	-0.03121407392123357
28	66	-0.031297609957217434
1	24	-0.03137081094981098
41	51	-0.03138367514745824
3	18	-0.03139660563544022
33	49	-0.031470005755707686
41	59	-0.03153027029803612
26	45	-0.031603188240066665
21	45	-0.0316455714471858
44	66	-0.0316658993895423
22	34	-0.03172249865222809
21	38	-0.03174925384096794
3	51	-0.03183273048659935
56	65	-0.03196880224808654
40	59	-0.031973618567000345
22	64	-0.03206658355294656
41	63	-0.032069705076515354
13	31	-0.03214084629012923
50	65	-0.03229790084882178
26	54	-0.03240832579663622
27	54	-0.03248177667801663
29	54	-0.03254076542875059
9	40	-0.03255227603655375
25	47	-0.032698632807124234
22	30	-0.032703335382429505
33	54	-0.03273048024174066
40	63	-0.03273382600615313
41	58	-0.0327746935142319
13	30	-0.032858863725200166
36	44	-0.03288000543195055
32	51	-0.03302575793774773
4	26	-0.03310362306640263
55	58	-0.033246337022370676
25	51	-0.03336741401674509
5	40	-0.03339999281291042
53	65	-0.033548918471589306
24	45	-0.033568195277918295
2	52	-0.03367637475619156
4	37	-0.03368116245468597
3	54	-0.03372578888054695
18	41	-0.033729208082047574
38	63	-0.03375736694927467
36	54	-0.03376168738076496
21	65	-0.03379909799083364
9	19	-0.033813845099968376
23	25	-0.03385083718803855
28	59	-0.03393134351617308
43	52	-0.03400780163826095
29	49	-0.03415552606029401
19	33	-0.034169824655261
38	58	-0.034182105577116734
7	32	-0.03431667487340789
14	56	-0.03443753293591473
1	36	-0.03446737820600533
15	20	-0.03448613278247695
42	51	-0.034592003223175266
2	36	-0.03462021149727773
37	49	-0.03465514813982637
25	66	-0.034749820420155675
39	47	-0.03485572196584988
38	60	-0.034860885960864424
31	50	-0.03490548891575418
27	59	-0.03491473876718887
38	46	-0.034961039470583544
20	65	-0.03499880498687205
1	62	-0.03504757892605237
4	32	-0.03506726748106376
12	26	-0.035089810543044164
21	34	-0.03515477680179099
13	45	-0.03517251709900157
4	55	-0.0352467514606106
29	45	-0.03541353995808644
31	51	-0.03549705441709061
7	31	-0.035520163503615754
20	31	-0.0355728018946013
33	47	-0.03566892957807133
21	49	-0.03567183966167517
26	55	-0.03572700381065508
15	27	-0.0357376199113241
15	32	-0.03577050629964765
12	34	-0.03583093398919446
40	56	-0.03598503327490471
56	57	-0.036019542288936196
48	63	-0.03607765390328571
9	25	-0.03615319023826591
18	62	-0.036279076433686885
51	53	-0.036289250351663
10	39	-0.03636892858690985
44	49	-0.036502522948089394
17	41	-0.03665669345238515
62	63	-0.036660074191319114
13	18	-0.036673554500563144
30	46	-0.03668300443120506
9	61	-0.03674300762963928
39	44	-0.03677966737916763
9	26	-0.03682311911167471
38	59	-0.03685827488303503
42	60	-0.036907856487707336
31	49	-0.036914155441007485
13	37	-0.03694541903362408
42	63	-0.036965469264249484
27	51	-0.03697645841552977
24	62	-0.037107244465463346
20	66	-0.037159813030880604
6	48	-0.03717017039521778
15	49	-0.03728819206509271
4	20	-0.03729369444524944
42	66	-0.03729452418137569
10	60	-0.03731709357390656
4	40	-0.03737020830548629
43	64	-0.03748868155987645
4	66	-0.0374924308032734
28	43	-0.03757101473294419
12	47	-0.037627762538747334
7	55	-0.037717341807962046
41	64	-0.03780335113599197
46	55	-0.03781257718654446
38	54	-0.03808550664704921
40	53	-0.03812647732732316
47	66	-0.0381540568414703
55	61	-0.038325872833491176
22	27	-0.03854907977807054
21	30	-0.038560121399794894
7	42	-0.03858423086939111
16	63	-0.0386802573022913
48	59	-0.03868188260277533
26	64	-0.03869249626609733
17	65	-0.038711176083532695
40	62	-0.0387753980154146
57	63	-0.038835150649953215
13	62	-0.03886312006879822
32	62	-0.039005327208560314
37	63	-0.03901318101650261
36	59	-0.0391392646518377
5	33	-0.0391605238927418
17	30	-0.039301337176983975
1	45	-0.039335568449293395
2	40	-0.03944797706055356
10	21	-0.03945455191152247
28	55	-0.03946940038003777
50	52	-0.03950417672361678
10	31	-0.03955895442174642
34	64	-0.039642510032566844
5	28	-0.03969385109738807
47	62	-0.03980149306686656
11	20	-0.03982255053715672
32	54	-0.03982739268087229
4	36	-0.03984792001248716
54	61	-0.03985544645527034
10	64	-0.039924059591486594
37	64	-0.03992910497175994
18	40	-0.03995981192054013
1	27	-0.040143548249669855
13	19	-0.04022015931694145
13	33	-0.0403116365477767
43	55	-0.040423873599682164
9	41	-0.040451683364306074
22	41	-0.040587033020997254
24	49	-0.040763153959610776
1	43	-0.04082446164059421
36	55	-0.040898290223083694
18	34	-0.04093880406984843
11	44	-0.04100352181879485
10	24	-0.04108875883529664
24	26	-0.041130863948963564
17	27	-0.04115313088159697
10	45	-0.041165302217096356
10	41	-0.041171389885445886
32	45	-0.04120149447631577
9	30	-0.04122971195183009
24	36	-0.04123999904224618
26	49	-0.041506030503852376
10	36	-0.04151425602811157
11	32	-0.04154349483263853
9	24	-0.041547929620735835
33	51	-0.04165238300320065
25	65	-0.041695083082137915
23	32	-0.0417092324967141
21	23	-0.0418258958348994
8	52	-0.04199629041695965
19	53	-0.04202005464949765
31	57	-0.04206787133268773
46	65	-0.042234642926278404
22	33	-0.042463486071114775
49	64	-0.042494696310401564
16	36	-0.04255871724615459
1	59	-0.042623017677246855
51	58	-0.04267010560099391
8	15	-0.04268760713647585
12	35	-0.04276062351555002
15	46	-0.042847277673247475
33	50	-0.04284829350945471
52	64	-0.04285028373985669
14	61	-0.043139286160166546
5	35	-0.04323553366376831
33	63	-0.043236418903737445
11	56	-0.04330555144321924
44	53	-0.04339755567163195
33	59	-0.043414491032958386
24	65	-0.04350328394503175
43	50	-0.04353395101883484
3	22	-0.04356344499447745
51	61	-0.04357007642708763
21	66	-0.043571125663687704
6	11	-0.04371585073513598
31	46	-0.04371789258719272
8	45	-0.04373444379459193
14	29	-0.043744062264202244
22	31	-0.04383764539919219
4	61	-0.04383920081918097
23	29	-0.043850380519137505
46	50	-0.04401344298922888
44	63	-0.04413732467177792
1	44	-0.04416669808765071
34	63	-0.04419280531819675
42	58	-0.044217612996301114
9	31	-0.0442331953749702
28	60	-0.044241669140240636
9	65	-0.04436379157858797
7	45	-0.04437471911471996
22	49	-0.04445300807470165
23	53	-0.04455964560256373
36	47	-0.04474279101299006
21	35	-0.04483558895098089
16	51	-0.044964174996552614
24	58	-0.04498465094386808
40	61	-0.04500426190197948
12	65	-0.04501006467257454
32	63	-0.04505152875637711
41	56	-0.04515983757608705
17	31	-0.04518364824644719
47	54	-0.045307119683775016
39	55	-0.045340171419927716
26	50	-0.04539989046318768
3	38	-0.045496278866811596
2	32	-0.045497668322667884
35	60	-0.04554311906086203
14	19	-0.04557984971468776
48	50	-0.0456400623336814
28	50	-0.04565707548028236
19	55	-0.04575492206902376
10	42	-0.04582354395377447
18	48	-0.04592753214578499
17	25	-0.045966923925689296
9	66	-0.04601186376960306
10	29	-0.0460239030076702
13	38	-0.04612393329650108
2	13	-0.046149459859361475
9	53	-0.04617789868831029
45	47	-0.04620669019942267
10	34	-0.04622686928680986
37	53	-0.04623081184195421
42	53	-0.04627812035114817
2	44	-0.046313825267244035
15	33	-0.046322723386880094
7	29	-0.04638836363478163
28	49	-0.04642329630816808
49	61	-0.04655332841604079
2	18	-0.04665113996639253
6	30	-0.04671312986635312
26	47	-0.04671589165873108
12	29	-0.04671635591560025
44	50	-0.046761893077034655
46	63	-0.04680466228400715
43	51	-0.04683233509240253
15	31	-0.04690717960084989
5	45	-0.04721687470753244
29	63	-0.0472942093360495
45	66	-0.0473816807745772
14	40	-0.047385923480448566
20	36	-0.04748279226182034
18	64	-0.04762442003537637
32	49	-0.04769088794162604
11	59	-0.04769557639785543
43	58	-0.04776940857089809
58	63	-0.04782051446197347
22	37	-0.04783039599538674
4	23	-0.04788733994238195
7	24	-0.048002085878067646
13	27	-0.04814235877320455
29	66	-0.04816154871472042
4	27	-0.04828300864126639
39	65	-0.04831514894283795
60	62	-0.04832357584178451
8	65	-0.04846434901319721
22	24	-0.04871843369657408
36	56	-0.048788442204958704
18	26	-0.04886740773957757
2	33	-0.04894213485452997
19	36	-0.04922830444098972
35	50	-0.04927053875482487
11	36	-0.04928371314555201
30	60	-0.04929612486148899
10	46	-0.04929977380465178
7	38	-0.04939479867260549
12	40	-0.049601521660893266
32	66	-0.04962722449366036
10	33	-0.04965947074718041
7	44	-0.0496805068331633
4	53	-0.049717877855010056
7	43	-0.04974259185759747
18	28	-0.04976238122095178
48	60	-0.04978293493349345
36	46	-0.04978771018153494
43	53	-0.04985422114900154
36	61	-0.05004365505159519
23	63	-0.0502335822913432
3	41	-0.05025735281899826
54	58	-0.05030534734509873
21	33	-0.05036066083010052
3	46	-0.05063529462601485
19	63	-0.05076739800450897
47	61	-0.05085488428401094
8	47	-0.0510507952915224
2	35	-0.05110904253009546
10	28	-0.051208288600268936
10	18	-0.0512807851668593
27	60	-0.051328817472879734
21	31	-0.05133594284604007
57	58	-0.05134096733907373
49	66	-0.05142766902794578
41	50	-0.05146207712526166
13	36	-0.05152721013682149
6	37	-0.051575557115418835
9	34	-0.05167471643493457
24	43	-0.05169516515129782
23	66	-0.05170030044663282
10	38	-0.051751509090444514
40	50	-0.05176818121488605
12	31	-0.051797935488685026
23	65	-0.051832204742491284
11	51	-0.05189459580616326
6	57	-0.05190490480958265
18	43	-0.051949308733470034
46	56	-0.05202085379205412
41	60	-0.052245866230119786
28	64	-0.05227092171890188
9	44	-0.0524710783685719
18	19	-0.05258089649487757
6	34	-0.05258936015939039
32	61	-0.0526284319370639
10	44	-0.05266847521806173
12	66	-0.05276983522079623
20	63	-0.05304433956504476
12	61	-0.05327274458984185
5	66	-0.05343072971301159
2	31	-0.05344007569609335
29	51	-0.05344982847259061
17	28	-0.05352901055837847
31	64	-0.05353296120801536
1	23	-0.05359319118341847
39	64	-0.05362886408707196
40	60	-0.05367924860299378
12	38	-0.05370012261794763
32	55	-0.053731131079168326
14	27	-0.053732259172283525
7	63	-0.05398302159359117
27	63	-0.05400153407259761
28	53	-0.054029063587771486
5	38	-0.054260107358925586
2	26	-0.054409397279675226
3	48	-0.05445337678912396
20	64	-0.05470632481113388
14	62	-0.054725001060102474
14	33	-0.05484188608717086
44	56	-0.05490732086615954
18	63	-0.05505015447472028
5	64	-0.05511312935627444
5	62	-0.05523285966714639
37	46	-0.055295243117624016
22	36	-0.055315979641736596
47	64	-0.05554967100720315
32	57	-0.055608946216057026
2	62	-0.05565301877673645
43	63	-0.055746668260186205
6	35	-0.05578979303686729
17	19	-0.05587405054295294
22	44	-0.056057475893987435
8	26	-0.056064542102717996
44	54	-0.05612604051864911
45	58	-0.05643055472294939
5	65	-0.05645377275321534
36	66	-0.056533831759661146
37	56	-0.05673197739740976
18	66	-0.056780191175848066
9	47	-0.056841421595325514
46	53	-0.056911352282994376
5	16	-0.056941061746848765
15	25	-0.056953046955155684
24	50	-0.056956192129490546
32	50	-0.056988315709624066
3	30	-0.057050233161511005
4	51	-0.05708904399599929
3	35	-0.057105183622429195
10	59	-0.05726927225810438
17	39	-0.057561563905213886
34	46	-0.05759876703887584
24	55	-0.05764559632517277
33	56	-0.057691773356648296
5	52	-0.05772302477561486
47	59	-0.05801578833967841
27	53	-0.05806329117120221
47	63	-0.058074233365446704
10	37	-0.0581633244685934
8	28	-0.05818662592830148
13	28	-0.05845095813219722
3	29	-0.05846836162235358
9	35	-0.05858692182112055
3	19	-0.05860300150842468
37	60	-0.05864113378766084
50	61	-0.0586631111050506
9	37	-0.05877409685779192
11	29	-0.058889671681578964
12	41	-0.05903003416225383
34	60	-0.05909141292090295
22	48	-0.05914390779757306
3	44	-0.059369641527935474
18	24	-0.059426959223037035
40	46	-0.059609170698381925
43	61	-0.05985174844527574
20	53	-0.060067839467317086
2	11	-0.060445673995924376
4	62	-0.06053751667063978
9	63	-0.06058756081835098
50	62	-0.060699036309908055
10	19	-0.06077048260661458
7	51	-0.06081063605417619
2	22	-0.06085474243423111
33	57	-0.06105679835067697
38	50	-0.06108879190396166
6	20	-0.061450832155432566
14	32	-0.06153619529682461
32	53	-0.06158762902475712
8	66	-0.061716204600752805
32	58	-0.061839033478072625
13	57	-0.06187739032168582
23	46	-0.061960724605892914
21	37	-0.06230011737665514
8	20	-0.06232447335906893
7	19	-0.06255184644895051
12	30	-0.06298715974782008
21	58	-0.06304780960428025
6	52	-0.06323610741863808
32	59	-0.06332822274998842
15	42	-0.06336379816412954
7	23	-0.06363038132736479
14	38	-0.06367696295130917
23	54	-0.06371180371417634
6	41	-0.06372282332286264
8	48	-0.06381848033084594
26	51	-0.06391753096446337
15	44	-0.06397223278559103
4	17	-0.06397764693426766
3	33	-0.0640485029976545
4	47	-0.0640859132296232
11	18	-0.06413006779904096
20	56	-0.06424591294651244
5	32	-0.06441356228804312
5	34	-0.06451483389306134
9	27	-0.0646544547796214
6	47	-0.06465846861767871
17	26	-0.06503182286710726
22	50	-0.06529172823150298
14	52	-0.0652917848102392
2	57	-0.06530654076744513
32	64	-0.06531453339200896
1	22	-0.06537034304291534
15	58	-0.06556938137609564
27	49	-0.06563589585490197
7	27	-0.06565467878789907
47	56	-0.0657452474976595
9	33	-0.06576199436859598
13	24	-0.06580856695916795
8	41	-0.06614140286182071
11	42	-0.06614257799890394
39	49	-0.06619036669873962
5	41	-0.06623459647522631
19	58	-0.0666369868485957
17	63	-0.06673450278374624
8	36	-0.06675667532850865
13	29	-0.06696906543103034
20	22	-0.06701645375959381
3	36	-0.0671562519161975
16	46	-0.06734232256164521
7	57	-0.0677475808915731
22	65	-0.06777663942878057
27	50	-0.06783288871054288
17	35	-0.06784355160560915
8	35	-0.06786976802686628
13	17	-0.06804369502782076
14	41	-0.06835983320604436
15	18	-0.06856128568611827
13	35	-0.06871441747700702
50	60	-0.06876872540367063
18	27	-0.06878694603112032
8	43	-0.06880852367628065
13	47	-0.06882534948728064
3	42	-0.06887266129806907
5	6	-0.0690392704773084
22	40	-0.06909884745519887
8	17	-0.06910933130749386
14	31	-0.06919123481068742
22	53	-0.06923710118718537
6	58	-0.06929336712258083
8	32	-0.0693399605862427
37	50	-0.06946122504334024
7	9	-0.06970035473005198
43	46	-0.06979617271714106
10	43	-0.06982872314713567
17	34	-0.06996581557143211
5	23	-0.07004503327220776
22	63	-0.07004586560059262
19	64	-0.07005655071444963
19	61	-0.07016068501052011
21	36	-0.07024259049031853
5	24	-0.07024389954426022
7	26	-0.07068618293069323
8	44	-0.07112208111833881
16	60	-0.07156947060811836
17	40	-0.07158700871643237
49	50	-0.07168788156936012
20	26	-0.07176252219657389
13	40	-0.07227447100565262
6	21	-0.07227825352399037
8	58	-0.07231948386185671
6	27	-0.07233241115507083
3	28	-0.07245872249119431
43	62	-0.07249665686720211
9	13	-0.07255037718179036
25	59	-0.07267587674644055
5	27	-0.07275374878311927
24	46	-0.07289921952609921
2	48	-0.07304874728600791
8	31	-0.07306855544452232
7	47	-0.0730726497558846
2	34	-0.07316505641312404
7	20	-0.07318143954778628
41	46	-0.07327975253039962
17	37	-0.07390483435718187
10	12	-0.07392342541157088
3	34	-0.07394827851304267
21	50	-0.07401652450415078
10	25	-0.07431532965279267
28	46	-0.0744232200440956
5	44	-0.0744302889950435
57	60	-0.07446486863588447
27	56	-0.07511960858140354
13	25	-0.07523613702718501
14	47	-0.07546218267001864
14	16	-0.07547356637296296
14	26	-0.07567922337379895
5	26	-0.07573106051918327
14	37	-0.07594656937102509
5	18	-0.07606432948297609
6	40	-0.07616593261653126
3	31	-0.07628623806591733
47	53	-0.0763546464438456
14	30	-0.0763551552260603
12	62	-0.07643256449780536
15	17	-0.07661149923779742
2	19	-0.07663695040818361
2	39	-0.07669308612772396
11	39	-0.07670164729961418
2	38	-0.07693029811700328
5	42	-0.07716903093326571
23	64	-0.07731543834030905
13	32	-0.07740918752421741
12	48	-0.07751988592965633
43	59	-0.07753756419003513
12	43	-0.0776667037234845
21	32	-0.07784578698838665
15	29	-0.07792890120236162
14	35	-0.078683931680009
10	27	-0.07896993213177711
21	55	-0.07921191555093599
20	54	-0.07945464792451723
58	60	-0.07972345839466835
43	60	-0.07998027785614892
23	58	-0.0800503029360263
13	23	-0.08078240821052568
12	55	-0.08080361134798328
5	37	-0.08098697439144936
8	27	-0.08116540703540542
2	16	-0.08123929683151587
8	33	-0.08139014599835998
14	34	-0.08149164420942603
46	66	-0.08168244068350325
12	27	-0.0817911656560582
56	62	-0.08195583505887821
3	32	-0.08228354814788305
22	66	-0.08271322955639913
6	28	-0.08300391061659462
9	43	-0.0830423258618202
26	60	-0.08313183066748134
3	37	-0.08320121870642588
12	37	-0.08354682791777832
45	50	-0.08360036697550358
2	41	-0.08436593476902385
5	29	-0.08437646446111999
17	58	-0.08475676723700343
13	44	-0.08475924764124443
5	47	-0.08478429170321042
15	36	-0.08488905928524866
3	27	-0.085293758978921
9	23	-0.08574073341539964
6	39	-0.08614050752968089
13	43	-0.08674019583055612
5	21	-0.08694234899179015
14	48	-0.08698540361226548
7	21	-0.08714749926681756
12	20	-0.08714969159253991
8	37	-0.08729281227792715
9	32	-0.0883068685330553
14	20	-0.0888441379904536
14	45	-0.08906333152986737
19	59	-0.08989180369477448
22	32	-0.08991056398833841
25	50	-0.09048994269075711
26	46	-0.09064826074422341
6	23	-0.09082153480469687
23	59	-0.09097407747763925
7	28	-0.09124076047996135
17	43	-0.09124823525663694
2	37	-0.09197318936013849
3	26	-0.09231347951048163
3	25	-0.09277036102122607
7	39	-0.0932727445280612
12	23	-0.09399497282666713
3	39	-0.09427441728095892
6	26	-0.09460022341461852
10	23	-0.09497265334524094
14	59	-0.09509077130280563
6	19	-0.09556999249052764
3	21	-0.09578240446977299
14	49	-0.09611801001392181
5	19	-0.09616005006516035
15	39	-0.09624142871777666
11	22	-0.09627374910303552
47	58	-0.09650888185310538
20	58	-0.09652357530349989
14	23	-0.09665335583800344
8	29	-0.09673434292289271
8	34	-0.09690118218782137
46	64	-0.09735507603154059
9	36	-0.09772729181724382
2	47	-0.09865403101333767
39	53	-0.09881163724578321
5	43	-0.09987571210148002
6	12	-0.09990587827893899
12	18	-0.10045630978238668
12	44	-0.10078965524546396
21	62	-0.1010073594098033
8	16	-0.10248641749138127
27	46	-0.10265272409414594
3	16	-0.10414409496206273
3	11	-0.10445811472841282
6	43	-0.10512670043164238
13	64	-0.10552590751808277
9	12	-0.10637534390404085
8	11	-0.10640100794483262
3	40	-0.10705294587916975
21	59	-0.10793845987369155
23	56	-0.10802271765884483
10	20	-0.10860808406710618
6	32	-0.10968609225253625
14	39	-0.11224033812078699
3	47	-0.11365079971031194
3	15	-0.11379962364393534
11	46	-0.11571775220165104
14	57	-0.11606181985366779
14	46	-0.11786091141204713
12	32	-0.11876234744907935
8	40	-0.11906184948269874
23	60	-0.12036715464833866
5	20	-0.12647759965671573
2	23	-0.12718255661291009
2	43	-0.1300373916877999
15	22	-0.13211149184756876
2	27	-0.13237046352698584
3	23	-0.13491013130611446
3	43	-0.13568738179710255
12	13	-0.14359509071500892
14	43	-0.14408766166683853
8	23	-0.14863856723865201
