8	67	0.5185250897715024
48	51	0.510680190580518
1	56	0.48120886351145875
33	35	0.4464560213087506
23	25	0.42741553611430594
28	42	0.42698334390108617
48	50	0.41255591312378437
2	4	0.39900751357662523
15	42	0.38558429565359587
24	47	0.38116224348923433
7	10	0.37354467871544733
3	19	0.3699783685697709
23	24	0.36025741482284784
4	41	0.3521343902467957
18	59	0.3462035241807346
26	45	0.34596832627181484
12	28	0.3369591921952101
54	58	0.3311004034406112
27	45	0.3289300348408116
24	51	0.3282030775846021
11	14	0.31520113797923643
28	30	0.31464713289854523
25	46	0.3106131601419033
12	16	0.303398452418877
63	66	0.3023860148765219
39	41	0.29560326958046657
8	40	0.29477927882335664
16	20	0.2934419269983536
13	17	0.28677872804292937
41	43	0.2827485397438799
15	30	0.2816812367571323
39	40	0.2811477899860487
49	53	0.27865442706049726
12	30	0.2784147105968847
64	69	0.2774424473981873
47	51	0.2755146034266111
19	44	0.2740683184087894
31	41	0.2678765718789154
22	59	0.26731367366623104
22	58	0.25986158312244223
10	65	0.25956599873160907
60	61	0.2560967083411949
65	66	0.2514706286259397
30	38	0.2505853725682617
1	2	0.24828217032588312
11	13	0.24178556974168852
25	28	0.24160073162510864
14	65	0.24028358600255723
36	40	0.23849425137613714
33	40	0.23686002775315487
7	9	0.2328429951901274
5	8	0.23216619195767374
38	40	0.22827843424865535
27	29	0.22442323551775684
31	38	0.22351226439319394
22	23	0.22210576479640662
51	52	0.21872488703415033
4	43	0.2175943684355503
35	36	0.2174463109233515
64	65	0.21481274663831268
17	20	0.203936446311419
21	22	0.20155099909001678
26	47	0.19987431034778197
25	44	0.19974925548827477
46	56	0.19767906972370536
36	38	0.1975037159233371
19	59	0.19601992304696936
40	67	0.19077128407428712
53	57	0.18917078545800126
4	35	0.18698220403942734
35	40	0.18572975583620563
12	32	0.1844997739975464
50	54	0.18211777490634087
13	16	0.18043302904428565
62	69	0.18020241759651243
66	69	0.1795609738204178
29	31	0.17679012556618712
51	54	0.1751166963944571
10	15	0.17500043921335812
3	44	0.17487528997327612
7	65	0.1734753700392339
12	42	0.17041182481351586
28	38	0.16955661307629832
22	43	0.16817587645248877
7	14	0.1679078898148738
29	43	0.16619972122681897
19	55	0.16576654982197359
61	62	0.16542469083611838
33	39	0.1641283010159817
15	28	0.1639141165415886
59	62	0.1636852586082868
29	45	0.16201433815399513
28	44	0.16176535470582562
37	40	0.1613371041434536
52	53	0.16122934462433383
18	69	0.16101020087591314
56	60	0.1609518827122634
18	62	0.16088561019546843
22	25	0.16059052067903606
18	21	0.16056505215600836
18	64	0.16003889030144974
6	10	0.1584880310507279
5	45	0.1562479611480464
32	33	0.15520140335538085
4	5	0.15109427674399384
28	31	0.14800299381920967
36	39	0.145570641778904
30	42	0.1451072164334648
67	69	0.1437949667450291
34	36	0.14297439700099107
27	39	0.14248592063122906
12	13	0.14026031481579826
54	57	0.1381203706476526
31	43	0.13760391692922558
1	3	0.13722218220789095
32	40	0.13632522616444928
8	37	0.1357446636370901
68	69	0.13544306580235163
3	6	0.13392304118487766
18	55	0.13241400162340417
23	46	0.13212848485075762
5	41	0.13194027088622295
38	39	0.1316032090528806
33	36	0.13049362607899115
2	43	0.12952212194933338
13	20	0.12899625554405425
5	10	0.12898456883588932
18	22	0.12775667710468314
34	35	0.1276455555921111
5	18	0.1274362397974383
6	69	0.12728043172106562
35	37	0.126852587982116
12	20	0.12633956140479935
32	38	0.12613128291616313
33	37	0.12542256487327222
7	67	0.12507959786453943
66	67	0.12390235395392793
29	39	0.12252236590068122
1	52	0.1223810288732761
31	39	0.12197090749338485
32	36	0.12157394964364465
8	10	0.12142530680263897
23	52	0.12124374931693005
7	69	0.12048995670856838
33	34	0.12012564365431036
6	42	0.11912840395086341
46	51	0.11872425506787787
33	38	0.11843655408503898
30	31	0.11794722183875922
5	68	0.117284599448371
7	18	0.11675148784995043
18	52	0.11502520368469898
14	17	0.11482751221665322
46	55	0.11435690697403153
36	37	0.1130284167615668
1	19	0.11272518104990653
35	38	0.1112928759325637
50	53	0.11060377616235181
22	52	0.11034024906421991
55	59	0.10984276870293239
2	45	0.10894119276476227
3	23	0.1087604062318718
52	56	0.10793391594947571
38	42	0.10782635116569445
55	61	0.1072593330596687
14	64	0.1069230247850671
41	42	0.10656256661051067
7	64	0.10619425908413982
30	45	0.10504028495056955
12	43	0.10481857924821869
10	11	0.10427501809484616
31	42	0.10399349408671049
3	55	0.10362028473766086
19	25	0.10316943645067267
39	43	0.10241109805135296
48	54	0.10231963276010131
16	24	0.10145820475185668
46	59	0.10137116666118456
37	67	0.10124234981223953
24	25	0.09971045313316979
32	43	0.09964016639952228
10	64	0.09945973978850514
7	68	0.09814566636791053
22	51	0.09808127716442083
42	44	0.0967378403759353
12	29	0.09535327795532361
4	67	0.0949668652196185
20	23	0.09472289747076923
18	61	0.09403301012552323
23	44	0.09401255636498118
20	21	0.09382760213074984
14	59	0.09292935355034102
62	64	0.09225473650833957
4	27	0.09224657378275508
57	58	0.09218946155284782
52	55	0.09166654998728
24	26	0.09141701382317913
58	62	0.09138679997987598
51	55	0.09078953496901396
12	17	0.09042972621623566
35	39	0.09039773604292436
1	43	0.09028322849641973
10	14	0.09001779554659683
31	33	0.08951588566058943
2	27	0.08929627582965455
59	61	0.08897729641294891
2	3	0.08869721944791253
48	52	0.08814966740910035
19	20	0.08715540472149458
58	59	0.0859820963746317
1	23	0.08512855231775199
19	28	0.0844056950836149
29	42	0.08424131382330874
7	8	0.0842087327561849
34	41	0.08389840369228777
28	46	0.08377052040353877
32	35	0.0835408354884887
31	67	0.08336677251043373
21	23	0.08301224969969356
23	56	0.08262270433148286
8	36	0.0824976493376039
47	48	0.08217878677403395
10	68	0.0815913774210596
5	6	0.08154800555158037
45	47	0.08148319745128613
25	51	0.0801961662432849
6	38	0.07895900540954884
37	38	0.07875932277899278
1	22	0.07871442675973916
5	27	0.07853294053108673
21	25	0.07656128647845759
64	66	0.07589485112729208
59	63	0.07570841041915327
21	57	0.07522178472449467
16	25	0.07444708075931289
67	68	0.07423476134206591
9	65	0.0741084675061679
44	55	0.07361715487045642
57	63	0.0733534033794834
30	44	0.07292917272720303
34	37	0.07283791608677459
47	49	0.07194211915609852
18	46	0.07144220745855501
16	26	0.07139625796659879
5	67	0.07117561281555743
3	5	0.07091443175666934
14	30	0.07069205089340908
1	6	0.07054915087336694
47	50	0.07044438871522987
26	42	0.07039947415021525
6	28	0.06909507836375303
32	37	0.06890003950783719
2	60	0.06881419756228643
61	65	0.06881358369077392
14	15	0.06813990102653955
44	52	0.06786399970971546
22	46	0.06773183439107938
5	35	0.06749794342324766
23	55	0.06704483668859929
26	31	0.06687392652494795
10	67	0.06641058888579543
3	15	0.06544105770555764
1	4	0.06502808323111792
47	56	0.0643444662645059
6	65	0.06350179637949299
29	56	0.06337910015652204
4	31	0.06329053921336308
4	26	0.06309589717728231
21	54	0.06308792866745827
7	62	0.06284832850117039
21	58	0.0618900039727423
56	58	0.061878201425009216
4	8	0.06178114543079122
16	23	0.061569806955279804
44	46	0.061052335240334515
63	68	0.060975323138005466
20	46	0.060364647151728845
8	39	0.05966806308370143
65	69	0.05912246382362685
7	41	0.05910220302553443
2	31	0.05881448263410366
16	17	0.05841827015032952
60	69	0.05809413024279034
46	52	0.057773170449628625
6	44	0.05763786536843793
55	69	0.057262936876941645
35	48	0.05701052006960644
50	57	0.05684652453928096
52	58	0.056540878299592146
16	27	0.05637157850834823
21	43	0.056318286003431195
34	40	0.05582237106266327
57	60	0.05575645678492233
52	60	0.05571820468979702
1	46	0.05555540471634163
31	35	0.055124576102183576
18	56	0.054927387420023566
37	63	0.05488889114563322
59	65	0.054434671738505164
33	41	0.054421152492007574
49	52	0.0542095996018738
17	43	0.05404746689915402
5	59	0.053799581642522354
61	68	0.05375378310276238
48	57	0.05343635656626797
12	38	0.053285414316519564
6	15	0.053180311357933385
37	39	0.05275310285410828
16	54	0.05253419881564597
6	7	0.05219943426993692
20	25	0.05196510944768759
4	6	0.05164594890502616
20	43	0.05150893400983142
8	38	0.05131930186773398
12	33	0.05126391074617809
1	58	0.05121502326622329
42	43	0.05089978002202278
2	8	0.05084247716067497
12	27	0.05029156262015794
52	62	0.050000892017283166
19	22	0.049286456360323055
4	12	0.04861065046931029
22	50	0.04856084327546906
44	51	0.04846511390703309
39	45	0.04812367429697001
66	68	0.0477607507079674
15	44	0.04775932702246158
59	64	0.04757362125569245
9	10	0.047562319444349715
26	27	0.04737844617827161
1	25	0.04717523243437177
25	47	0.04663300757623057
60	66	0.04618671773419422
9	14	0.04618468750921295
14	16	0.04584696452665657
35	41	0.04513781732433228
13	14	0.04506040238791248
6	11	0.0449391433905213
37	57	0.044740774030902375
6	30	0.04415060610779312
51	53	0.04367700859744075
19	43	0.04350510651229647
6	9	0.04328264110030494
4	48	0.04323704712284232
4	53	0.04301593634335121
50	68	0.04288170593363555
45	59	0.042692240433500894
20	35	0.042376304160628625
5	69	0.042227258799262285
12	15	0.04201575777191274
32	41	0.04165289411866768
1	55	0.04136626775609506
9	40	0.041347064240759596
17	58	0.041339704767540036
59	60	0.04076153898579973
8	11	0.04061239115772583
11	34	0.0403784229174132
4	37	0.040345249636068226
24	54	0.040204010266118945
49	50	0.0400480037179996
24	57	0.039665905772732823
17	68	0.03902955658476745
7	66	0.03893295352995099
1	61	0.03866162238704629
8	41	0.03860547509423046
23	60	0.03841711219002289
27	60	0.0383209080200719
32	63	0.03783889868745541
61	64	0.0377854611189361
13	29	0.03775518438110184
2	9	0.037696211921912054
63	64	0.037649112773707416
24	48	0.03764613573299244
29	30	0.03752664852039844
52	61	0.03752355631397031
26	50	0.037217295002914985
15	19	0.03719612933155231
25	59	0.03715259716297453
27	42	0.037012867530074434
52	59	0.036958432985351286
9	47	0.03689071482411188
1	39	0.03686987370438738
60	64	0.03666946806161808
11	32	0.036472698498304035
5	9	0.03621683571021145
43	58	0.03621228319145742
30	32	0.03604105734036028
10	60	0.035818436816027255
63	65	0.03574310582324841
17	24	0.03570788122306537
49	56	0.03549974431098604
61	69	0.03533638812104617
56	63	0.03531519624627977
23	66	0.03530336869768369
9	11	0.03508923531822067
7	59	0.03508775060090202
55	64	0.03497129470070251
14	66	0.034400448883120854
34	63	0.03425115244324625
11	29	0.03379339513893742
26	51	0.03323262368321328
2	41	0.03313957357158337
4	52	0.03311326959994371
50	51	0.032703100422384
21	61	0.03258978681585953
27	41	0.032546181230575566
17	54	0.032440415834320224
11	49	0.03212940797098532
51	57	0.03207733546323238
34	61	0.03201592359484173
31	45	0.03184092775238162
34	39	0.03158383819221222
19	69	0.03151736816905823
21	50	0.031497330140469626
29	32	0.031440548883011454
2	5	0.030956485465445938
56	57	0.03082019677526876
31	40	0.03080203703001172
59	69	0.03066621694819724
39	67	0.030448557313569463
53	55	0.030373336575587467
11	30	0.030279274675313966
21	46	0.030151665520220583
55	62	0.030131921237848858
4	38	0.030112080002259123
27	43	0.03008699310173185
55	60	0.029878526697836194
15	59	0.029760341491367248
47	54	0.029594517045721164
41	49	0.02957595893752435
1	5	0.029572752066257535
52	57	0.029540522628685173
51	60	0.02923549037459322
30	40	0.02917518651850423
44	59	0.028572234584373024
26	48	0.02834601662755315
27	61	0.02809474128527767
15	55	0.02793041624001799
25	26	0.02792717761112881
17	65	0.027867740348005487
12	41	0.027836151366710138
8	29	0.027787271692853666
20	54	0.027743159559844466
11	61	0.02769931903279782
28	43	0.027575048658298684
20	22	0.02756139597972912
16	47	0.027286558468711364
63	69	0.027234427903796127
42	46	0.027178588250230062
9	37	0.027087421418779706
17	56	0.026926742899669287
9	64	0.02691532089113874
41	63	0.026905302132432113
9	34	0.026833233817645824
53	62	0.026818098700480797
58	68	0.02668599397921212
47	57	0.026664050071074807
25	63	0.026603233077594907
23	51	0.02657900851147965
21	62	0.02656108930609341
6	55	0.026381200658936066
48	53	0.026216497912910475
10	38	0.025859406648477856
32	39	0.025803086533636
37	53	0.025781862985162746
30	36	0.025621011646262376
49	57	0.02545119069141316
24	68	0.025266659173845823
17	21	0.025007760315729682
16	29	0.024969023819276126
32	34	0.024874442403144625
54	56	0.024851600357993664
16	61	0.024849102300710996
27	49	0.024792124827245743
22	24	0.02443007815217557
21	51	0.0243373956167528
2	42	0.024287764885779273
5	22	0.023979457546821847
14	62	0.023927256384929485
3	7	0.023817411232822966
19	64	0.02365346923658468
9	21	0.0236299992938922
26	29	0.023608004352841383
15	46	0.023557412439546038
8	33	0.02350899686726371
10	55	0.02345630543409405
20	63	0.023416167093480433
34	57	0.023337944747734873
63	67	0.02316972637050896
36	51	0.023069804206792915
33	48	0.02300368722520918
6	40	0.02300243058641338
8	66	0.022927321118116184
41	45	0.022691491312616996
19	42	0.022675633500759157
38	65	0.022672952421150916
29	53	0.022534133269356493
2	39	0.02243803045943804
14	18	0.02241901748983366
54	62	0.022236039224070914
43	57	0.02196439353128324
30	52	0.021910400973577937
2	47	0.021843222660855893
4	33	0.021814547441942334
17	34	0.02143035910231808
53	54	0.02135513238317535
53	68	0.02131748053979385
3	40	0.02127687038748005
31	49	0.0211219046436964
5	64	0.021114001872817617
14	29	0.021036560975028318
46	64	0.020973444226321913
11	12	0.020764786134533225
13	64	0.02066264860817213
14	34	0.02057136973142007
48	49	0.02016666108619644
64	68	0.020100109058726945
11	16	0.02006071957958655
2	10	0.019998735543055757
54	63	0.019907307588970857
27	62	0.01977068150585437
19	61	0.019617686835722625
6	51	0.019579963733125066
13	50	0.019561916683018737
9	13	0.019535025984212834
5	33	0.019420702884813235
8	32	0.01941794411312009
25	55	0.019404330884360083
26	49	0.01927767523349702
19	62	0.018863719028503173
4	66	0.018852420446401508
46	47	0.0187475333001951
22	62	0.018730115023113725
31	46	0.01864338319514991
25	49	0.01847471693951358
20	34	0.018264737558733424
36	49	0.018141855970211868
7	15	0.018061128393300152
28	37	0.01793088306357693
35	43	0.017919955401268672
21	49	0.017907565371523243
1	50	0.01785844689375457
41	58	0.017699035227381588
21	63	0.017688657886206938
32	45	0.017509328562535398
26	56	0.017376741765398662
22	56	0.01730995071187047
6	23	0.01716292653014051
60	68	0.017050617678856683
62	67	0.017043236588810046
50	60	0.016989500102993937
6	61	0.01693271700244159
16	19	0.016761881651849886
11	62	0.01671643809846654
11	24	0.016700693512348153
21	48	0.01658103160600835
44	54	0.01657423388578355
3	69	0.01650051510281081
29	49	0.01634147367871272
53	56	0.01597592924194982
17	37	0.0158993152702169
7	60	0.01585798098952723
12	35	0.01584140590390698
11	36	0.01576397554858444
61	66	0.015512460314579701
33	60	0.01545543002741498
11	26	0.015347909149489386
15	38	0.01515149083017131
11	17	0.015031960582798237
25	56	0.014993212927454924
30	46	0.014905297597425038
62	66	0.014851749264451458
38	67	0.014807664587805747
2	52	0.014795474054721064
46	48	0.014761286877496449
13	43	0.014484005916876874
2	49	0.014435738156097278
18	45	0.014136786073133067
1	51	0.014054931749100996
51	56	0.014000400261462986
2	62	0.01390882523089132
32	54	0.013852059933915528
17	29	0.013831966649243133
64	67	0.013805602323806981
21	37	0.013721497501553465
36	67	0.013717566730900355
17	57	0.013685671934397542
37	47	0.013467713708797707
17	26	0.013346122430006713
4	45	0.01303750668710485
38	64	0.013026148145203836
27	52	0.01301482056664599
24	56	0.013014317032883027
9	68	0.012981649491661779
14	49	0.012953397973526432
37	45	0.012952775408036882
13	68	0.01288871259211774
3	46	0.01284315946785422
21	64	0.012841886040331763
3	20	0.012761002987653813
2	57	0.012529942256468668
13	19	0.012478336344126845
13	24	0.012438153337669094
28	29	0.012422146300527348
3	60	0.0124116293023874
17	32	0.012325944093849794
5	7	0.012297491738771205
37	49	0.012226330020574244
57	65	0.012219657021160263
14	69	0.01212236808651132
50	66	0.01195470199305984
21	56	0.011947186059864279
2	59	0.011899245421096216
39	53	0.011887782171344646
42	55	0.011841924652487373
22	47	0.011828781892935514
46	58	0.01181124575158446
3	25	0.011708729044413085
44	58	0.011608602807543916
4	10	0.011588237002665536
46	50	0.01153571261407249
62	63	0.011461604668732112
34	54	0.011453112107899982
14	40	0.011423961122367376
3	22	0.011390276682414074
5	32	0.011364943252375748
3	56	0.011352412511071885
8	60	0.011235431011739572
18	44	0.011156256223738809
46	68	0.011133772536825293
2	69	0.011111837379329581
34	47	0.01111131302767035
26	28	0.010925770558551373
13	54	0.0107278049328427
2	63	0.010714784671032984
36	63	0.010700098959377208
49	61	0.01058131152341299
8	31	0.010551223689543088
47	53	0.010314491139875565
34	62	0.010288894947220767
8	45	0.01010281432310306
13	26	0.010056119618955195
26	30	0.010028017893941976
9	54	0.009851918912595986
16	28	0.009813158968007663
27	67	0.009769298967932105
40	66	0.009755398004674537
54	68	0.009677174993612231
55	58	0.009641943865237812
37	68	0.00960110952182211
16	21	0.009545841639819697
7	29	0.009448835899234898
14	37	0.009373939293413514
9	66	0.00924445332538032
27	32	0.009210323342602078
28	32	0.00915980311969894
37	66	0.009052748932270982
13	53	0.009031205535166453
23	69	0.008995813536737313
5	62	0.008878041839012307
65	67	0.008808938409397282
49	63	0.008803205073939446
21	27	0.008658893124142891
4	32	0.008620348347216089
17	48	0.008597712498825238
27	50	0.008590330019880216
24	50	0.008520683522744377
34	58	0.008508107495531825
11	42	0.008494078504477393
55	68	0.008478864386921942
61	63	0.008345273875337289
27	31	0.008325124442333187
19	46	0.008312209978314111
17	63	0.008292827036922967
23	26	0.008272515086141241
6	68	0.00825985914129948
22	55	0.008216463110395589
28	36	0.008045211278975256
40	41	0.007873867658516276
4	14	0.007816338756309882
41	54	0.007812000694919274
11	15	0.00780091277447284
1	18	0.007741750279120274
10	69	0.0076895919683020175
6	46	0.007468553648266818
1	49	0.007454353804031727
46	49	0.00741470153342097
5	21	0.007395447984476777
13	57	0.007257602734137614
37	50	0.007141587181719505
18	60	0.007112436851247905
17	44	0.007087478101059447
35	68	0.0069994587361522365
58	63	0.006937056631815208
20	28	0.0069354626936640185
12	19	0.006879129987491628
20	58	0.006818823248361028
58	61	0.0067542158189024815
17	61	0.006713492270561894
51	58	0.0066818359677593975
19	58	0.006662050856278384
11	57	0.006623785677618649
9	35	0.0065502657821241705
6	19	0.0065352973804481684
10	43	0.006515416017112974
23	29	0.006345311487223948
3	10	0.006324085453930928
12	49	0.00622713295297167
43	49	0.006172504942454166
2	65	0.0061691046789982
8	28	0.006155638332958457
2	6	0.006047842919900154
27	34	0.005961949874524308
5	11	0.005937728858595753
17	53	0.005897334766956475
29	41	0.00584450611126941
25	52	0.005628189877514539
15	69	0.005470608667266785
9	63	0.005462969409747664
21	59	0.005410349209175103
8	9	0.005379279853699043
17	18	0.0053282656923356875
5	15	0.005228709117713948
28	67	0.005186730154090324
11	33	0.005150404761197075
30	37	0.0051333349685181995
32	57	0.005130372860751575
29	61	0.004938579465718046
24	36	0.004871573268375562
60	67	0.0048102242294044695
7	39	0.004695353941086666
32	66	0.004627519265412966
24	46	0.004612574597711416
7	11	0.004477178585104047
54	60	0.0044742911594432555
54	61	0.0042650452251796755
15	21	0.004161438629704611
26	63	0.004087568786513507
22	29	0.0040743265071493395
2	19	0.004047304032475829
10	17	0.004033815657475126
24	49	0.003939763724445572
11	48	0.0038897206365769987
57	61	0.0038149934691648346
55	67	0.003813610421883773
9	39	0.003800139992947177
60	63	0.0037980052702590306
23	47	0.0037735149598325524
25	48	0.0037376964262732792
40	44	0.0035708595517721375
48	58	0.003533816820164487
16	58	0.0034836914563102506
24	27	0.0034261316217776283
1	29	0.00341385292486196
2	56	0.003401757708244968
29	58	0.003191949064468902
11	50	0.0031732070427143433
17	49	0.0029341336893453085
12	26	0.0028864998959329258
56	59	0.002853194385121438
21	45	0.00281851071060113
62	68	0.0027861064667361324
27	47	0.0027330327984055047
20	48	0.00265588180372639
43	44	0.0026009711783855083
6	31	0.0025692961038882856
19	41	0.0025407864702025607
34	42	0.0025012933580509378
41	57	0.002331206442729772
10	45	0.0022214082287574932
21	69	0.002216786327147169
10	44	0.0021240300604490614
21	32	0.0021235131135497465
3	42	0.0020333508578261605
39	51	0.0020315049274151065
29	67	0.0019817448890449008
35	67	0.0019450418762611832
39	57	0.0018210034238229922
4	68	0.0018154632973698959
13	47	0.0017813990354348386
20	44	0.0017779566250429868
45	67	0.0016849458217262359
1	24	0.0015670506503944193
15	18	0.0015207941134102732
7	34	0.001452917425560557
43	53	0.001431072143357609
23	45	0.001427055611683603
27	69	0.0013652794776357335
57	64	0.0013445074010067226
39	54	0.0012783235597253195
5	55	0.0011532812483748545
9	32	0.001145705600958391
49	69	0.001137672737399037
21	55	0.0010442466524775151
20	27	0.00099687978529589
32	49	0.0009453927495920722
65	68	0.0009283548390148777
34	50	0.0008198178246924259
9	26	0.0007578629031937123
12	34	0.0006936788737185451
9	30	0.0006665879473196357
3	53	0.0005565101391121485
9	38	0.00045861311220507517
34	53	0.0004513474850141308
11	66	0.00044415268736439084
2	32	0.0004019561716950837
31	60	0.00037752333789486947
7	30	0.0003416407328424298
24	53	0.00033956254464811986
57	68	0.00032721582497632906
10	19	0.0003257207332201528
13	58	0.0003038267196818767
11	19	0.0002706554661330851
1	60	0.0002571533766352052
39	66	0.00025545049921232854
34	56	0.0002554455420471502
34	49	0.0001641479613212482
24	60	-4.6995440191599513e-5
16	22	-0.0003252093857415428
41	56	-0.00042214656777223025
35	49	-0.0004774784577614155
17	62	-0.0006980280905790892
39	63	-0.0007142594119234069
46	66	-0.0007331880989126793
49	59	-0.0007987816266561143
29	60	-0.0008103196102548504
43	68	-0.0008836926842004933
15	20	-0.0008964882365241622
34	68	-0.0010174459861380936
16	66	-0.0012043385065644563
24	29	-0.001262355284534833
49	58	-0.0013941516095397066
53	61	-0.0015173531600680135
9	17	-0.0015691571023813133
19	52	-0.0016272625962215903
59	66	-0.0016565885725164653
13	52	-0.0017387058007004297
17	50	-0.0017732016695949926
21	24	-0.0018325466663913215
5	63	-0.0018974931968374908
32	47	-0.0019725259993640387
50	61	-0.0019896847013271546
29	33	-0.002081698561761325
43	48	-0.002292520930947256
15	45	-0.0023025183229314905
7	63	-0.0023713651110434664
20	53	-0.002376249503332456
36	50	-0.0024187089989052835
44	69	-0.0024291798395399966
5	56	-0.002441015874006469
48	61	-0.002444582456191835
4	47	-0.002507154736098194
1	9	-0.0025460184881755943
45	53	-0.002753861130865176
21	60	-0.0027992602532364297
21	65	-0.0028780587124488943
1	44	-0.002899164264183185
28	45	-0.00291125949840082
4	7	-0.003096386338913182
9	20	-0.0031303089278065244
23	53	-0.003225497313508713
18	58	-0.0032790378457607794
16	18	-0.003330859469031777
8	63	-0.0034335008469189854
32	58	-0.003449016157815177
20	26	-0.0035892338313121552
13	22	-0.0036011970203599086
45	48	-0.003654351591624694
24	63	-0.0037280376226800915
15	54	-0.003833891633929498
44	68	-0.003848113554296456
10	29	-0.0038500762578425607
30	33	-0.0038614982003907228
26	36	-0.0039222425675354
34	38	-0.0039403721715007
50	56	-0.003974201061714838
30	53	-0.003983110109459287
50	63	-0.004121547343056586
60	62	-0.00415370785284111
27	57	-0.004163695173610538
24	61	-0.004220153547928873
9	61	-0.004245856791249558
16	53	-0.004267783473522885
40	57	-0.0042893426366797105
6	16	-0.004305029138064798
27	36	-0.0044132835666745585
7	20	-0.00443552956646473
23	50	-0.004494098467424434
11	63	-0.004656073648032416
9	46	-0.0046564725567729
7	33	-0.004684052935416461
25	31	-0.004743271248293601
41	64	-0.0047760731156755165
9	60	-0.004804564550977691
7	37	-0.004885465060935096
22	64	-0.004913999590656859
16	43	-0.004932181620827231
14	26	-0.00512856515202767
34	48	-0.005204394980991095
6	60	-0.00525184044067234
8	49	-0.005268501802601189
26	62	-0.005292882155295664
19	30	-0.005477957203809836
56	64	-0.0055302706634799415
14	21	-0.0055358100237075936
9	45	-0.005581051873620235
37	58	-0.005592696909392569
56	62	-0.005598228523469029
13	35	-0.005646933457775061
39	62	-0.005668017866848563
16	39	-0.005675679948039608
13	37	-0.005680474466472157
47	68	-0.005752079412377181
11	38	-0.0058148714159901305
26	60	-0.005911711022403537
6	37	-0.005912362212397937
2	28	-0.005970558509714841
6	64	-0.006002464878723551
33	62	-0.0060047302634988475
9	33	-0.00604018751035007
11	64	-0.0060806531995422075
31	36	-0.0062275803339219005
32	65	-0.006314016719465382
15	39	-0.0063381134117326265
9	53	-0.006360544103408583
22	60	-0.0063976089288427795
33	54	-0.006399693039184889
11	54	-0.006418105389095069
17	42	-0.0064268463437588685
50	55	-0.0064775407164881504
56	68	-0.006489423281882345
18	65	-0.006524966392977838
9	57	-0.006592023879752357
41	68	-0.006671709153311667
24	58	-0.006694426025013717
8	34	-0.006755215410112397
15	63	-0.006789450931710711
1	21	-0.0068174919982099125
43	56	-0.006864603384084955
26	57	-0.006885385416240286
16	49	-0.006890759435372679
9	58	-0.006980706246161789
14	60	-0.007026901930877988
45	66	-0.007059835022638933
12	31	-0.007138158579822862
18	63	-0.007149700869659603
44	64	-0.007181309932945301
13	65	-0.007186749878521803
14	58	-0.007233572342398381
45	50	-0.007238490716437507
40	68	-0.007309592838566331
11	59	-0.007370385129823187
9	49	-0.007462831481559684
57	66	-0.007463937017057415
2	26	-0.007488491580519757
49	62	-0.007541693168521435
9	36	-0.007640910590187705
6	49	-0.007687303287230718
24	33	-0.007740665072279135
7	44	-0.0077536460910258564
8	65	-0.007772375969275908
5	13	-0.008134148398226682
22	48	-0.008170598617364466
12	36	-0.008237448811749787
26	53	-0.00826077413850776
20	55	-0.008313970760513156
23	28	-0.008339994990228278
45	68	-0.00838103910378521
15	61	-0.008447787164787696
11	55	-0.008463435330214625
34	51	-0.00847976023771263
5	23	-0.008674078747676922
56	61	-0.008746498986645257
20	49	-0.008751673891425088
12	58	-0.008860835413596502
21	26	-0.008912160099231098
2	50	-0.008924724695639319
43	45	-0.008937218090306454
49	60	-0.009088594495753693
36	57	-0.00911142013131963
16	31	-0.00912560681670238
2	18	-0.009135961686686234
21	29	-0.009143218280723509
29	65	-0.00916521593385805
32	67	-0.009258470536893937
16	37	-0.00927383783282762
3	9	-0.009285970781234665
17	22	-0.009303305271410461
21	53	-0.009414251321187783
13	33	-0.009499602588208811
53	69	-0.009559387937471214
14	24	-0.009561940758182924
42	60	-0.009628927055663428
12	60	-0.009640938674047472
25	37	-0.00966544437553632
10	32	-0.009697364833807037
36	47	-0.009717496573256795
3	14	-0.009734902631616804
26	69	-0.009788446146634128
55	66	-0.009805088487309821
8	42	-0.009873695414869654
3	8	-0.009959110933056486
49	66	-0.009981683108615885
59	68	-0.010027285093270166
60	65	-0.010028313813224249
5	44	-0.010150793066624086
26	34	-0.01019705896861317
45	62	-0.010203022536836748
9	27	-0.010214223136134293
32	53	-0.010238723164165853
34	67	-0.010324637588194185
9	48	-0.01037409388785504
17	47	-0.01040728457681675
37	41	-0.0105268778554658
1	53	-0.010556545239151782
27	68	-0.010659096897929293
2	37	-0.010679102302529109
9	16	-0.010691842628270831
10	27	-0.010700137740781268
57	62	-0.010848517349447806
37	65	-0.010905348891516176
18	50	-0.010920599627835342
3	66	-0.01098831784645607
26	41	-0.011013152685153405
9	22	-0.011038723612526696
42	63	-0.011045801314448211
16	57	-0.011052971684667012
62	65	-0.011059797097201951
4	65	-0.011084383162669464
21	34	-0.011124235313257014
2	66	-0.011188316922116165
18	47	-0.011195709066163434
11	31	-0.011206903149119013
9	62	-0.011324255451162057
25	45	-0.011330712691270894
13	32	-0.011397473630818333
54	66	-0.01144837463115142
20	29	-0.011452708611890239
5	29	-0.01145471896562772
13	27	-0.011493237727532524
46	63	-0.011527921073307218
34	69	-0.01154605265359207
41	67	-0.011550791152977968
2	53	-0.011576790128193126
17	27	-0.011623043386846582
38	52	-0.011651719919803016
55	56	-0.011692163602642802
23	48	-0.01182557362592021
22	39	-0.011847848647730919
39	50	-0.01198604629731867
57	69	-0.012069110017614876
3	65	-0.012080551899611047
26	35	-0.012115071718242443
51	69	-0.012187580187204727
14	67	-0.012187589411639554
53	63	-0.01219436967045151
29	36	-0.012198368337847265
16	44	-0.01223607637985541
3	17	-0.012240684138942803
3	4	-0.012246067055052712
52	69	-0.012318976397825393
3	52	-0.012369406401500527
14	20	-0.012412903325584368
16	50	-0.012516275258397491
20	42	-0.012542727132503984
3	18	-0.012573334319625096
14	51	-0.012608036557329949
1	65	-0.012609083811714022
30	54	-0.012636473323548586
4	13	-0.012650252546700796
36	55	-0.012684929986237159
5	17	-0.012764069022951463
21	52	-0.012830478598429174
6	20	-0.012888349320432452
24	52	-0.01290630859087774
6	53	-0.012942142701654419
2	33	-0.012955819930933837
49	54	-0.012975273785198721
52	66	-0.013046723014829814
20	68	-0.01305540557481702
39	60	-0.01307524070084956
11	65	-0.013087121214709424
7	16	-0.013090510851105353
21	66	-0.013110902819488346
34	60	-0.013125422869793457
17	64	-0.013180201575726636
3	21	-0.013208139059921048
1	30	-0.013267410908637145
50	65	-0.013286345355516399
8	27	-0.013357012592247364
8	35	-0.013381358420906958
26	67	-0.013435582585651057
20	61	-0.013435652982236257
2	34	-0.013435898606618618
46	54	-0.013485304371524176
36	56	-0.013515418961038778
26	61	-0.013561922561190126
37	44	-0.013566458869579523
31	32	-0.013580070541272693
16	35	-0.013631335842154063
10	35	-0.013640969357616828
31	37	-0.013731984044435291
24	30	-0.013793773512147556
11	68	-0.013813597544048234
20	38	-0.013818435695592629
20	33	-0.013885895290080302
2	68	-0.013908657665018836
8	14	-0.01393450583728234
13	25	-0.014076680766957478
37	62	-0.014080409437227298
34	65	-0.014147017506481618
50	58	-0.014230109029562565
53	58	-0.014293470459998875
38	60	-0.014340416009285872
8	47	-0.014342607190939188
14	32	-0.014361567908030781
49	67	-0.014388200795260958
27	66	-0.014396933191918176
3	28	-0.014423181513481154
11	27	-0.014481657788076835
36	42	-0.014518219064386023
20	36	-0.014544478678415185
8	64	-0.014546609482807255
28	47	-0.014636278462727331
6	33	-0.014641840801829592
37	56	-0.014653384547915399
7	38	-0.014658643732669563
13	63	-0.014687399464157536
23	68	-0.014691516054045062
6	48	-0.014702932550841985
33	53	-0.014741900640209443
3	13	-0.014749282723477891
30	57	-0.014782836144084793
29	34	-0.014797703234554843
13	48	-0.014889944502534919
14	42	-0.014893501757763161
33	43	-0.014909036032741352
3	62	-0.015041432110138142
33	67	-0.015090260557359653
21	36	-0.015151953708661237
17	36	-0.015153040365412429
25	50	-0.015202566184371075
13	21	-0.015222358704604338
31	48	-0.01526328817644701
50	64	-0.01533808756438182
27	44	-0.015351893817132783
19	56	-0.015434629304755365
50	52	-0.01550696037383123
44	56	-0.015542919586582687
16	63	-0.01554707432445801
54	55	-0.015618922326055162
27	53	-0.015703013025969076
16	36	-0.015742070587931423
13	15	-0.015766933684438655
41	62	-0.015785030239319597
10	62	-0.015826256220515117
15	53	-0.015835528431442425
13	61	-0.015924240931093014
16	48	-0.01621655238974548
1	17	-0.016266981808241515
53	60	-0.01628450808026438
10	34	-0.0163301843809443
29	64	-0.01636660968272649
2	67	-0.016427751207788055
12	24	-0.016515848540352596
5	47	-0.016622759163620493
50	69	-0.01663010888700464
11	20	-0.016723820428665354
9	43	-0.016778632665036985
33	55	-0.01678043525771511
2	11	-0.01681543889823925
48	60	-0.01692507735585766
36	61	-0.016955946441672864
15	49	-0.01696907926541691
58	65	-0.017015325245611557
19	48	-0.017022839796289713
29	35	-0.017144967535134115
37	42	-0.017159481841530322
37	54	-0.01725388324111407
27	65	-0.01726802687754256
26	32	-0.01727843168789131
13	28	-0.017283781533819154
36	44	-0.017322062528690813
6	66	-0.017346705736284496
38	63	-0.017387183080562085
1	15	-0.017417767978706533
17	46	-0.01744446997904081
16	51	-0.0174525981944868
29	57	-0.01745495127609395
11	44	-0.0174962304018782
42	65	-0.017509709966125164
2	61	-0.01752628703658668
44	53	-0.017585512354928695
13	31	-0.01758775950917993
4	40	-0.017615982327634172
13	34	-0.017640051730365147
20	45	-0.017647340947666484
5	42	-0.017675198650090596
6	8	-0.01778097805497439
19	36	-0.017846485588789207
23	30	-0.017894919014104033
45	49	-0.017912853234231613
4	25	-0.01795648942347683
38	45	-0.01798065025303547
51	68	-0.017997703180357844
40	52	-0.018019048046129277
48	55	-0.018020131628046887
15	52	-0.01802591491873437
2	13	-0.018117951548065586
27	37	-0.01812923992337323
15	22	-0.018136146697061317
44	65	-0.01814434133577933
35	53	-0.018238482944184536
55	57	-0.018267374948030823
29	63	-0.018418036449611846
6	34	-0.01844662058311408
1	26	-0.018461159072296812
47	63	-0.01849828736265513
9	12	-0.018553716272495607
44	66	-0.018599926994029653
36	60	-0.01865704259794243
5	34	-0.01881466190439321
20	50	-0.018824172856160476
1	27	-0.01887062077601981
4	49	-0.018922960831910363
4	34	-0.01892960390728146
19	51	-0.018972239629647697
3	49	-0.018983522571724976
9	69	-0.01900685646479508
24	66	-0.019016063013773232
39	65	-0.01917637963062907
18	20	-0.019200470941108272
35	57	-0.01920901036175765
2	21	-0.019213850240579478
50	62	-0.0192153206263318
4	50	-0.019261867653132758
48	65	-0.019298935135931172
34	46	-0.01931363410546119
10	31	-0.019435330679574148
15	50	-0.01945077062042519
5	66	-0.019488828165792893
4	42	-0.019505240105519794
40	49	-0.01951516251706842
20	47	-0.019522122710367684
46	57	-0.01955026331613341
8	57	-0.019623562788465387
29	68	-0.019652979067835197
4	9	-0.019722186838169814
29	40	-0.019726181567898182
20	52	-0.019763315917206842
21	47	-0.01977639375981649
11	51	-0.019802554550744755
13	46	-0.019820150863385982
34	55	-0.019845721387490828
13	36	-0.02000281465964729
45	63	-0.020020667777057577
38	50	-0.02005370637956644
16	33	-0.020092375449536598
47	58	-0.020106410732767754
1	11	-0.020142467822276494
9	15	-0.020147051997639442
15	62	-0.020181474109772335
6	36	-0.020236869044124306
3	34	-0.020263805753477138
27	58	-0.020264885673086486
33	68	-0.020273315332693387
43	55	-0.020273569759644533
3	54	-0.02027900672190941
3	63	-0.020282399301017273
13	56	-0.020285551344093627
15	35	-0.020299612101925962
30	65	-0.020307117202213565
49	65	-0.020464372471406173
33	49	-0.020475721285914655
6	45	-0.020509378510706305
11	53	-0.02051594860075981
22	57	-0.020573122806646138
30	56	-0.020612988967962542
38	57	-0.020635552798995177
39	49	-0.020704701000602593
21	38	-0.020713581555905775
10	42	-0.020720532417407456
16	41	-0.02079635267160662
53	67	-0.02092750900664042
32	61	-0.020941247118315853
40	69	-0.02101624077990491
19	33	-0.021079734180175586
44	49	-0.021092537037338793
1	54	-0.0210932015788943
5	57	-0.021117403180435756
49	55	-0.021120929380447878
31	56	-0.02112596441275344
32	62	-0.021169610950377282
3	51	-0.021219604469481207
41	61	-0.021294989439451767
45	65	-0.02130171548189902
3	11	-0.021353928762717023
9	31	-0.021427654656752615
15	66	-0.021460202958211716
45	60	-0.021467293870906734
44	50	-0.021502489321310575
14	23	-0.021511278192974853
6	14	-0.02154989216976705
19	27	-0.02166725151675522
40	42	-0.021684810862742432
18	30	-0.021687161661436083
36	53	-0.02170149634671903
45	58	-0.02174670808954926
57	59	-0.02182819435695868
52	54	-0.021837177307768213
45	56	-0.021850144270025962
20	31	-0.02186010530726612
1	38	-0.021887609026537608
35	62	-0.021893599452981888
3	47	-0.021896010916658604
14	48	-0.021957681511641486
20	51	-0.0219713358336886
18	53	-0.022019704685954183
23	33	-0.02211424525691455
24	45	-0.02212423522951995
10	18	-0.022232345276663124
13	42	-0.02226715873475682
31	63	-0.022301222158691514
40	56	-0.022349804889184727
27	54	-0.022466043323261492
3	57	-0.02248437604720921
15	23	-0.02260878723998036
52	68	-0.022655390411222526
15	64	-0.022745727849361963
20	24	-0.022761840715745163
40	64	-0.022771540999330153
21	33	-0.022790075013542327
14	54	-0.022800689758238263
22	63	-0.0228853293580559
11	58	-0.022943821046132906
47	62	-0.022995833873619614
49	68	-0.023015141433140235
35	63	-0.023068390696191432
43	62	-0.023072260578856668
14	53	-0.0230729122568904
8	12	-0.023145240837845527
31	62	-0.023231225384543697
19	23	-0.023264486183959515
29	66	-0.023298198423913535
45	61	-0.023337069736462768
9	56	-0.023458464761826586
19	45	-0.023478549032362767
15	31	-0.02353074399135574
14	22	-0.023556606697533095
21	35	-0.023576561560362336
31	55	-0.02358332249159073
23	49	-0.023592479154627866
14	50	-0.023668361157338058
12	44	-0.023680209751234693
26	65	-0.02376704330116447
42	56	-0.023835195330223713
42	61	-0.023857525860864898
53	66	-0.023889690444617556
15	65	-0.023948840232979995
9	24	-0.024258829156146355
24	34	-0.02430391267833329
15	67	-0.024385444179321925
10	28	-0.024430791503724514
39	61	-0.024453728225687393
49	64	-0.024493684414625655
32	50	-0.02456236877112461
47	61	-0.024633233213627703
34	59	-0.024634797517395973
39	68	-0.02467708155658399
44	61	-0.02468613500064623
9	51	-0.02470042157352867
39	42	-0.024709545843494052
6	13	-0.024751011913125454
26	64	-0.024783810411978663
35	55	-0.024791849099352503
10	13	-0.024792962786747752
29	38	-0.024856385148477322
13	49	-0.024859465753789528
25	64	-0.024894048158712573
5	30	-0.024913077703946962
18	37	-0.024953829901935648
9	25	-0.024964725924062042
12	22	-0.025022938266983485
18	57	-0.025046338205946567
31	53	-0.0250522353962965
19	68	-0.02510522096505413
15	25	-0.025119818357403345
44	48	-0.02515747659946896
34	64	-0.0251672438342955
1	10	-0.0251855697990504
9	19	-0.025208327964954563
58	66	-0.025222654701893915
33	56	-0.025255255309182018
41	66	-0.02530048540285912
23	54	-0.025323898590170896
6	17	-0.02532884174312683
4	11	-0.025365814876476656
17	69	-0.025407928209206482
43	61	-0.02550271084320882
40	50	-0.025512804873988965
25	60	-0.025544900468553622
18	19	-0.0255503561594832
9	50	-0.02559851258595841
48	59	-0.025742160826306842
30	62	-0.025763327236816347
9	41	-0.025804167527355787
19	29	-0.025865297178106983
27	46	-0.025912240028512473
5	24	-0.02599750945693524
20	66	-0.026002110327326494
35	58	-0.02600704029985418
40	53	-0.026040016694183488
24	62	-0.026075593302145594
1	47	-0.026111497609414974
22	26	-0.026113958836625095
26	58	-0.026129867082149205
3	48	-0.026138556790850448
24	35	-0.026206341912542674
36	65	-0.02629618145169979
4	54	-0.026399717869476896
11	18	-0.02641263948503897
3	68	-0.02644579668655278
56	69	-0.02649166383550633
32	68	-0.02656096789219442
1	41	-0.02658138150656847
11	22	-0.02658273907275191
18	27	-0.026604509623160133
8	13	-0.02662300088237332
47	67	-0.026623214484678304
17	66	-0.026652082468640703
54	65	-0.026657543877040446
15	26	-0.026711334945637155
40	43	-0.026727685229526538
27	48	-0.026786979949515954
40	61	-0.026845922302914216
12	25	-0.026877462354618742
36	41	-0.02692093748251284
40	47	-0.02696666676152118
43	46	-0.027043699167094926
34	66	-0.027090752939937984
18	48	-0.02710254641250351
22	54	-0.0271335909505514
16	42	-0.027138121884495603
18	67	-0.027162795990649635
47	66	-0.027181509891889638
27	64	-0.0272006723762504
7	49	-0.0272763228918807
18	54	-0.027286918470442012
20	57	-0.027321353335997223
38	58	-0.027387884974086618
6	12	-0.02745194892738828
17	41	-0.02745834952203227
57	67	-0.02746438291002168
10	63	-0.027505835555411362
2	24	-0.027526282429606336
44	62	-0.027549077346502304
3	61	-0.02758604471243184
10	66	-0.02762161243206268
27	38	-0.027639717731273994
26	37	-0.02768105989435149
17	55	-0.027712918238647244
31	34	-0.027722538550758458
10	58	-0.027733019056625452
32	56	-0.027752960602166615
44	57	-0.027801302830830543
2	7	-0.02787069215819371
16	52	-0.027880672634203713
48	68	-0.02797431982562351
17	40	-0.02798887836249661
41	48	-0.02800293219696237
2	64	-0.02800859817642737
13	60	-0.028032311700302792
16	67	-0.028048698273122313
12	63	-0.028119192286801875
16	62	-0.028165559357963804
3	30	-0.028224751338010612
40	63	-0.028240982666929426
7	45	-0.028259980734084145
18	24	-0.028392959105670523
23	27	-0.028481101943305664
37	69	-0.028536468518272018
26	68	-0.028544779328928405
46	69	-0.02864052507644596
14	61	-0.028753480827736683
17	25	-0.02875815704348142
33	61	-0.02881520165044088
30	64	-0.028868236157727073
14	63	-0.028872619438422897
31	50	-0.028926209502181582
7	17	-0.028938637366377112
3	50	-0.029093571126841355
14	68	-0.029097716713292948
47	64	-0.029132226448918247
22	44	-0.02913955495102971
23	61	-0.02917184606697837
28	66	-0.029173098467392744
15	57	-0.02928508357174836
3	64	-0.029366730025908117
4	46	-0.029406186220720443
17	38	-0.02941416903992264
12	62	-0.02945915493806253
42	66	-0.029491043897583696
10	61	-0.02949727417915804
15	58	-0.029545186391112227
25	54	-0.029599191228407734
27	63	-0.029674082357772052
48	63	-0.029693852825285194
38	53	-0.029741375366240302
43	66	-0.029753188409028547
29	54	-0.02981954315016233
37	64	-0.02987045987865347
58	69	-0.029895922687959986
43	54	-0.030000394618489634
48	69	-0.030034894899080705
25	66	-0.030054460782098058
30	34	-0.030067031048476883
3	26	-0.03008119660784145
14	47	-0.030131629695202916
7	50	-0.030137233741239083
17	52	-0.030151846446607844
48	56	-0.030221395902634285
8	25	-0.030240235685317696
24	31	-0.03024493776571663
21	68	-0.030249176357196927
37	60	-0.03028188535878204
17	23	-0.030328634282553668
4	28	-0.03034033236870448
15	56	-0.030342331238077558
42	68	-0.0304262366760788
45	57	-0.030476960755832505
42	45	-0.030522061119609645
26	38	-0.03056416485360744
5	39	-0.030589995097124123
26	44	-0.030610503123577132
30	58	-0.030741395379719122
25	57	-0.030765477819182485
14	38	-0.030771895949818412
32	48	-0.030773201781343407
3	32	-0.03080289456908994
44	60	-0.030813716658638357
24	59	-0.030867548661832056
22	68	-0.030955318898887196
11	37	-0.031004357200217214
33	63	-0.031014522549359325
1	63	-0.03102511997402188
6	62	-0.031035358059948726
19	65	-0.031159826677835623
32	59	-0.031277770436904884
11	52	-0.03131249573922221
34	52	-0.03132338031595319
24	41	-0.031360817012762804
54	59	-0.03137489153073178
13	30	-0.03144132201910374
17	60	-0.03145524925594301
13	38	-0.03152926573855003
36	62	-0.03156933294248501
37	61	-0.031644191891135154
5	54	-0.031660653512732256
12	59	-0.03170351755168374
28	52	-0.03174825883325405
16	45	-0.03174987917800706
15	68	-0.03176928518651756
24	32	-0.03178810239203533
23	58	-0.03184898919503465
17	31	-0.03184909591666124
54	64	-0.031868251783549184
26	39	-0.03193906177714012
9	55	-0.03195090999958619
51	63	-0.03196922004278682
16	34	-0.03203463579151414
46	67	-0.03207473279653958
35	47	-0.03209267806810162
15	27	-0.03210765201104965
3	16	-0.03230232650048345
16	68	-0.03234440072741693
39	55	-0.032354801570654984
26	54	-0.03235839159277909
30	49	-0.03240192025239208
26	33	-0.0324164593891455
6	52	-0.03244241120571706
1	37	-0.03251928106237667
15	36	-0.032522456979079434
18	35	-0.03254026399726645
36	43	-0.032548395599187374
14	45	-0.03256860056864508
9	44	-0.03258497123052845
2	25	-0.03259084533183801
24	39	-0.03260034288848829
39	58	-0.0326757850861506
47	65	-0.032712870246843495
17	67	-0.03271959786143347
7	57	-0.03277359782984901
33	50	-0.03280461423022221
30	69	-0.03282543906444066
43	60	-0.032901183712081866
13	55	-0.032928920501307024
32	44	-0.0329384934606432
27	28	-0.03298725443470507
38	68	-0.032994425005973826
48	67	-0.03302865795682999
2	40	-0.033195464577113226
21	40	-0.03321594033401909
12	45	-0.033300969746341835
28	64	-0.033336898698888534
38	48	-0.033341986911799654
5	60	-0.03335132424741147
58	60	-0.03336469868264064
30	50	-0.033398180022777724
43	52	-0.03340884216554571
16	30	-0.033427796352154204
6	50	-0.03348455126633165
10	59	-0.03354491910737761
47	60	-0.033550191638481996
26	40	-0.0335853778123513
20	62	-0.033738343467396514
28	60	-0.033794604076685913
51	66	-0.03379804202578071
17	28	-0.03383832388285854
38	44	-0.033844113651545604
26	55	-0.0338466034050435
36	69	-0.03387562328610347
5	65	-0.03390181256116567
22	38	-0.03399194056755894
14	44	-0.03405628785759482
45	55	-0.03405917056217983
13	69	-0.0340793476195089
8	46	-0.034089226367538666
20	59	-0.03409753067335
51	62	-0.03411543092122993
37	48	-0.03413433111896294
34	44	-0.034162501880301815
20	39	-0.034227950678614394
36	68	-0.034261268790478444
32	64	-0.034263014322492374
12	66	-0.034305198463129793
33	47	-0.034392967448205
29	48	-0.03450422495821598
48	66	-0.034552923171711214
40	54	-0.034616193638503434
23	36	-0.03476347865977095
11	47	-0.034834166056600585
49	51	-0.03486903761838339
10	54	-0.03489999469732552
6	56	-0.03492656275789907
41	69	-0.035024890844527146
31	51	-0.03502964350860849
12	68	-0.035050823313072216
14	36	-0.035068060586033706
11	60	-0.03507176839989268
5	31	-0.03510212225806192
5	16	-0.035118218283956254
7	32	-0.03517731407862018
34	43	-0.03521274308788758
19	34	-0.035337996868151006
12	64	-0.03534196152052832
22	61	-0.035357085920990766
19	60	-0.035375769175589655
17	33	-0.035391154201958125
28	34	-0.03543880354864845
7	53	-0.03545694420258427
18	51	-0.03548857077914147
7	61	-0.035491009557638536
25	42	-0.03551243992581693
7	36	-0.035577285252977625
20	60	-0.035658026402856285
16	65	-0.035659885386099405
48	62	-0.03566110220186405
36	45	-0.03571458164428998
15	17	-0.0357300444142265
11	25	-0.03574983203580695
3	45	-0.03576745616241228
18	34	-0.0358124483493463
26	66	-0.03582463842132114
35	61	-0.03583902343837109
18	49	-0.03585263974024969
3	36	-0.03593555273643076
1	64	-0.035972314926286914
25	36	-0.03597672046816336
16	46	-0.03605415587059366
43	69	-0.036063322176656504
38	49	-0.036174675347614094
19	57	-0.0362524528142488
27	59	-0.036330216360976136
13	40	-0.03634552810839345
33	46	-0.03635319386300381
33	64	-0.03636883364650145
30	35	-0.036439805602014236
19	63	-0.03646591587884565
47	59	-0.03651703256958022
3	43	-0.03663833291549365
13	39	-0.036735303531015284
8	15	-0.03675326460184017
45	52	-0.03688298971467355
28	59	-0.03689353898253103
8	53	-0.03690595939229757
9	67	-0.03703734264969305
21	44	-0.03712586620099598
6	35	-0.03713983954700634
18	23	-0.037142413602180874
12	53	-0.03716781367282926
22	45	-0.037183328456007525
28	69	-0.03719190504704334
25	53	-0.03729609855114924
6	57	-0.037363286264716605
10	16	-0.03740924072050797
10	25	-0.03750154494320279
9	59	-0.03750568236139701
44	67	-0.037511742843141266
6	63	-0.037546187564103745
8	26	-0.037548169631535455
13	18	-0.03767914172081044
13	51	-0.037724177346656784
12	14	-0.0377503310993246
61	67	-0.03777339852657599
18	39	-0.03779439191598022
44	63	-0.037804757008626316
1	36	-0.03784702884530858
15	60	-0.0379397185254996
42	53	-0.038103027179529264
35	50	-0.03811137656034816
14	28	-0.03814420095608104
14	35	-0.03825120467330573
45	54	-0.038359907509945945
26	46	-0.03837899936570702
11	67	-0.03853153958055533
2	46	-0.03853803107100512
30	67	-0.03859258821864969
16	32	-0.0387099827958558
12	39	-0.03871537382813642
23	64	-0.0387177273194913
19	66	-0.03879049417131658
31	54	-0.038872392148818935
17	19	-0.0389028839309499
40	55	-0.03890870239356764
9	29	-0.038947760694347966
22	27	-0.0389657270771942
5	52	-0.038978354508835994
3	12	-0.039019762587531925
13	41	-0.03902688764459339
15	16	-0.03906756705650985
25	30	-0.039068075247930295
46	61	-0.03917356883045117
32	42	-0.0391818757646952
36	66	-0.03925652064484689
25	67	-0.039409155098154625
43	59	-0.03947952127549387
45	64	-0.039481517152065215
17	35	-0.039506351093957975
11	35	-0.03983258746918697
47	55	-0.039917624085214015
50	59	-0.0399898448871199
30	63	-0.04004888588443048
38	41	-0.040093168167814275
3	41	-0.040124568654134246
43	67	-0.04012641486987217
32	51	-0.04013203882885763
33	42	-0.040148759596533246
8	50	-0.04017732202955224
5	50	-0.040200046889087265
5	46	-0.040204680755930644
28	53	-0.04023182470859493
16	60	-0.040274369636380064
32	52	-0.04030908034517325
23	57	-0.040406006357530916
15	51	-0.0405866576375877
30	55	-0.0406045951315627
18	68	-0.04061645174486908
18	42	-0.04069590072600715
35	46	-0.04071061308971091
30	66	-0.040758927493880465
29	50	-0.04078873834379043
31	68	-0.04079116707096053
2	58	-0.0408096202937385
8	48	-0.04081722582263797
9	23	-0.04082307329242657
7	23	-0.040824929806399624
25	68	-0.040839618052676024
1	57	-0.04088098977919355
19	53	-0.04091978630727913
33	57	-0.04097275368864864
4	55	-0.04101842844439754
2	14	-0.041019128184949294
14	57	-0.04103516694690504
54	69	-0.041066658647736676
7	46	-0.041083639337051225
5	19	-0.04109200947559635
8	54	-0.04119422797006847
32	46	-0.04125914623587487
2	35	-0.04127143900236063
12	23	-0.04129621217945717
15	37	-0.041340934398585105
28	55	-0.04138377448077013
20	64	-0.04141955064232486
15	34	-0.041442103009382975
4	29	-0.041539250838102726
2	16	-0.041542960788099825
1	68	-0.04159710126370769
3	33	-0.04172186081555748
48	64	-0.04174500476056145
8	58	-0.041776651417525706
11	40	-0.041959750691030445
8	21	-0.04203074782120461
29	37	-0.04203685149566455
14	52	-0.042050001868478154
10	47	-0.04205257920026914
7	19	-0.042090692757360326
44	47	-0.0421288677171536
30	68	-0.0423147164230146
6	58	-0.04231849125487658
3	58	-0.04236419761364066
23	39	-0.0425138305267741
2	48	-0.0425845354308019
31	57	-0.04259636305470332
35	66	-0.04260309383994107
19	47	-0.04263632849518717
6	47	-0.04265265082613992
10	26	-0.04265525755862143
47	52	-0.04270381219836558
53	65	-0.04270616275224082
29	62	-0.042708096388920314
19	54	-0.042726146580357366
38	54	-0.04274519263427359
3	67	-0.04274975223390226
41	65	-0.04275380427505249
31	61	-0.04276598400635029
58	67	-0.04289667018257609
11	56	-0.04290193920089047
5	14	-0.04291243608000875
22	34	-0.043049408727993926
41	55	-0.04308681910403561
36	48	-0.04310297769365104
15	40	-0.043177750917447716
19	50	-0.04318794553270758
52	64	-0.0431895295338863
6	29	-0.04322940310068635
13	23	-0.043414382495104625
14	19	-0.04346460764395463
5	53	-0.043544133310913724
28	50	-0.04364548850337649
6	32	-0.043660070911375415
35	54	-0.04367017787170274
7	13	-0.04371103554736591
2	15	-0.04381780373203187
42	47	-0.04387619700631204
52	65	-0.044078445838256874
7	55	-0.04410173394761829
29	47	-0.04411177333862315
11	41	-0.04417709388115634
42	69	-0.04418577333060164
8	62	-0.04420124953067295
41	60	-0.04427568969353801
19	35	-0.044292979454166215
31	47	-0.04429968466986278
7	21	-0.044339400984552524
53	64	-0.04440821683478827
33	58	-0.04443097603523222
11	45	-0.04445075292401726
11	46	-0.04457252862296854
23	62	-0.044600632500957915
1	7	-0.04470542507425765
35	45	-0.044756482399222
35	60	-0.04477407054656482
36	54	-0.0447967200974948
46	53	-0.044845667357696295
5	58	-0.04484590101393329
27	56	-0.04485657899730605
24	44	-0.044872435194673294
38	66	-0.04491046638636323
22	49	-0.04492135045441614
41	52	-0.04492793803616302
20	65	-0.04499838684332791
37	59	-0.04506331409349479
28	49	-0.04507578180808558
10	36	-0.045085809461759135
17	59	-0.04511890296729926
2	51	-0.04512754498825916
10	24	-0.04522245630044969
23	34	-0.04533058640980331
13	67	-0.045491886114718605
17	51	-0.04549571428282728
8	68	-0.045536043530304326
53	59	-0.04560388415569083
3	29	-0.04578514308717074
26	52	-0.0457946760675432
46	65	-0.04598517870045221
6	67	-0.046041456423998844
10	53	-0.04618490150272647
42	49	-0.046223861220771933
58	64	-0.046233798137076954
7	35	-0.046281263843197556
12	65	-0.046294532158264234
19	49	-0.04630268368200727
8	17	-0.04643485448622267
9	52	-0.046543510216972644
6	39	-0.04654562431339354
30	48	-0.046605093210798865
2	20	-0.04667010551338424
20	40	-0.04677870479790058
6	43	-0.04684354684500655
54	67	-0.04684637811155243
8	30	-0.04689964475654754
10	20	-0.04691816646136224
18	25	-0.04692033751840938
23	42	-0.046928048619632845
40	62	-0.046939906236299095
1	59	-0.046951387668595024
15	47	-0.04696861819089018
31	52	-0.04699683436662677
1	13	-0.047076185598373455
45	51	-0.04707948197586942
16	64	-0.047090392226273536
13	62	-0.04717339679802687
31	69	-0.04717736212546811
15	48	-0.047288879221509955
38	47	-0.047313093715769694
6	26	-0.04734336931915728
37	52	-0.047461540340637154
18	29	-0.0475330941756682
24	55	-0.047576283563089045
20	37	-0.04777849567507844
19	39	-0.047878802551264865
30	59	-0.04792258049524914
25	69	-0.047959704801417924
6	18	-0.04797636417504819
55	63	-0.04804448468144076
36	58	-0.048057508041884356
41	59	-0.04807676979394601
33	44	-0.048094717639288576
20	41	-0.04812730690445188
33	52	-0.048135947648181715
5	49	-0.048155128377672995
16	38	-0.048193033687453035
35	64	-0.04833616217266784
22	36	-0.04834207602970775
15	24	-0.04837383813276863
24	40	-0.04838326418474276
9	18	-0.04839981524191672
7	56	-0.048403241033149025
25	39	-0.04865637499165182
37	43	-0.048671880800946976
10	12	-0.04869309205256475
37	51	-0.04875856556182931
4	58	-0.0487740438570648
34	45	-0.04889979307100539
28	41	-0.048956775239165196
36	52	-0.048995649914028494
24	64	-0.0490267655602217
56	66	-0.04913226651195243
6	59	-0.04921737326760439
36	64	-0.04923716719029364
30	61	-0.049237244210959874
9	28	-0.04926861606508676
42	48	-0.049413006942967685
33	66	-0.049448550033148464
39	69	-0.04947743405762764
10	33	-0.04952570983094276
55	65	-0.04953626471924222
25	32	-0.04964103771079617
41	53	-0.04976525295455966
13	59	-0.049780605642617964
12	57	-0.05001866711209982
3	35	-0.0500503565014489
12	50	-0.05008018750445087
4	61	-0.05009970773713113
11	21	-0.050177392100264895
3	24	-0.050420795433250204
5	61	-0.050429462400433334
16	59	-0.05044549105912485
10	21	-0.0505072250582822
10	40	-0.05060084614196117
1	66	-0.05063423620489069
13	66	-0.050696245136507806
28	51	-0.050747349424336785
7	40	-0.05089345328065012
25	61	-0.05092244585809305
4	24	-0.05097804911705875
42	54	-0.05100909924736233
30	43	-0.051056727268663366
22	67	-0.051059564997359946
32	60	-0.05111969216919188
28	33	-0.05112103828107337
38	46	-0.051205920952872463
8	55	-0.05123317067840627
41	50	-0.05124894850505496
12	47	-0.05128426256223889
37	55	-0.051318102854514935
14	25	-0.05140915208279326
23	67	-0.051449144175442774
15	43	-0.05148491421185697
24	65	-0.05153152893871951
18	28	-0.051546219712241825
7	54	-0.05166763842419769
42	64	-0.05169482504589043
9	42	-0.051758392282282406
21	41	-0.05178036274895262
27	55	-0.05179634580466019
21	39	-0.051823103227907896
37	46	-0.05184696843699246
28	65	-0.051867633596983154
13	44	-0.051876399793372996
24	67	-0.051999370424696656
8	20	-0.05203299984720214
35	52	-0.052081894459840794
31	58	-0.05209156986792415
16	55	-0.05216814889558166
31	65	-0.0521764633122819
6	41	-0.05222652240608694
22	37	-0.052297508859482644
1	32	-0.05232302818533935
33	51	-0.05235452082231251
22	69	-0.05238287900189362
4	20	-0.052397704425899805
1	42	-0.05242751825482869
12	18	-0.05247911546835307
33	65	-0.052529660768906666
40	45	-0.05254336284856578
21	31	-0.052757259134915524
45	69	-0.05290414682823183
8	56	-0.052980276246086894
16	56	-0.0529934102760925
4	59	-0.053040657968030175
30	51	-0.0530530437230361
20	32	-0.05318005227360367
14	27	-0.053248244165369135
35	65	-0.053265643882048824
41	46	-0.053412177856268866
4	63	-0.05349388517528447
25	58	-0.05351293238957236
1	62	-0.05365642736515383
22	53	-0.0537029265328719
3	38	-0.05372670474972324
22	65	-0.05378233462837359
29	51	-0.05392397863248344
23	63	-0.05402689338235628
10	49	-0.05412655453931972
14	39	-0.05415337231236969
6	54	-0.054190047370893446
6	24	-0.054215980697892546
1	40	-0.05423084926198887
5	26	-0.05426468760625247
19	26	-0.054352675767399355
43	63	-0.05436911272532266
46	62	-0.054384933483290404
1	31	-0.054395435580855606
11	39	-0.0544298115984701
35	69	-0.054471725637758206
7	24	-0.054516940772210254
51	61	-0.05454834557429908
2	55	-0.05458606229733484
36	59	-0.0547168236990955
41	47	-0.05475149201262283
22	32	-0.05477881186804698
4	60	-0.054795412383514375
23	32	-0.05484303662494219
4	17	-0.055096493930394286
3	39	-0.05512447470724488
50	67	-0.055136583731369815
7	43	-0.05533737852698814
19	21	-0.055455012643244955
51	59	-0.055517278841231366
4	15	-0.05556553843822262
25	62	-0.05558864533313043
39	48	-0.05562366800368779
14	55	-0.05565262568443227
18	43	-0.05566802660312245
35	51	-0.055692737882056115
6	25	-0.05580179289051665
1	20	-0.05594035015975668
5	40	-0.05599249186652133
18	66	-0.05601246020027037
19	37	-0.05606344623455936
8	69	-0.05618479827312595
8	22	-0.0562462605331753
23	35	-0.056349434754687205
22	40	-0.05637614703447691
18	32	-0.05637764862191938
35	59	-0.056400982962623775
5	20	-0.05640298390636653
38	56	-0.05641454639524779
28	57	-0.05646682377549417
40	48	-0.056666130405970905
1	34	-0.05668038995369146
12	48	-0.056798332257423145
22	30	-0.05680555241913221
30	60	-0.05702600926514703
6	22	-0.05708920338634724
10	39	-0.057114292368564495
4	18	-0.05713974675287964
23	59	-0.057165434086753564
31	44	-0.057215234995763364
28	63	-0.057216776738722
7	12	-0.057241960712764745
38	61	-0.05725241946731641
8	43	-0.057273745807348786
1	35	-0.05727975031840951
20	56	-0.05733415107722839
40	58	-0.057354708812984684
20	67	-0.05736498131541601
7	26	-0.05741550309265314
46	60	-0.05741870244229816
35	42	-0.05746503760413732
51	65	-0.05746943436824645
43	50	-0.05753188253126382
10	37	-0.05791146516250825
3	59	-0.05792721456973521
16	69	-0.05794106817147257
31	64	-0.05799700678094322
29	59	-0.05807629722928129
32	69	-0.058193129838459534
14	56	-0.058254843177784926
24	69	-0.05825808083880066
3	37	-0.058348153109179596
25	34	-0.05838925613495133
10	30	-0.058479896754286664
43	47	-0.05867064163705693
19	31	-0.058891574044638934
1	14	-0.05891575768883364
42	50	-0.05901066967449434
8	44	-0.05914119201006021
39	64	-0.05917046981888413
4	56	-0.05922942790231844
35	44	-0.0592474488761785
7	47	-0.059259273662280454
19	32	-0.05943116211894095
30	47	-0.05946345846817683
15	33	-0.0595727873179476
6	21	-0.05983535156785283
52	67	-0.05986947146413857
27	40	-0.05992231032352213
21	67	-0.060014713097754385
29	55	-0.060021169474881786
22	35	-0.06003438892260557
27	35	-0.060035781504716196
7	58	-0.06021676577502591
2	29	-0.06021948923919748
28	68	-0.06028695624642086
33	45	-0.060361972221940535
4	62	-0.060444480125844774
47	69	-0.06071393306777301
25	33	-0.06074255161788622
12	37	-0.0608104760530182
12	52	-0.06088591387141154
18	26	-0.06101726699541188
43	65	-0.06104152747976421
15	41	-0.061130131506078156
30	39	-0.06115888824163612
3	27	-0.061264918430107645
36	46	-0.061304505859327146
12	54	-0.06164813933653354
1	48	-0.061743053263130815
22	28	-0.061854147165087914
10	51	-0.06200629408187669
8	52	-0.06209488417372186
10	57	-0.062104719281311505
40	65	-0.06213226544083772
28	40	-0.06217139662536761
11	23	-0.06224294412512785
31	66	-0.06228414346875327
28	56	-0.06234858858881784
22	66	-0.0624514170548682
42	57	-0.06245758317177169
56	65	-0.0627112159336207
25	40	-0.06280491176441191
28	48	-0.06289982850800666
45	46	-0.0631064387707897
59	67	-0.0632814921796252
10	50	-0.06334922965182357
10	41	-0.06359900580477507
52	63	-0.06367627150016081
24	37	-0.06392807933432793
33	69	-0.06418434663349684
11	28	-0.06432733355910239
40	59	-0.06449596878038255
38	55	-0.06488810945777004
10	23	-0.06497958730312312
7	42	-0.06517196979076337
2	30	-0.06527200834896638
42	52	-0.0653264759554899
1	12	-0.06536476942869698
40	60	-0.06549578305629233
38	62	-0.06553684424667713
28	58	-0.06568817518981859
8	18	-0.06575341185983985
28	54	-0.06585263211901088
10	22	-0.06587846293110547
4	21	-0.06602727897840954
43	64	-0.06609060860379762
7	28	-0.06617434680312378
18	31	-0.06628636888241424
4	36	-0.06644450512873187
27	30	-0.06658003333696863
42	67	-0.0668018364703403
17	30	-0.06681504450689585
19	67	-0.0671893561677043
39	52	-0.06737964554839004
11	69	-0.06738792675017594
1	67	-0.06748788072152731
4	44	-0.06757929895204992
20	69	-0.06759694710287903
2	54	-0.06765358072181529
5	51	-0.06766730315940242
21	28	-0.06772216357003988
4	22	-0.06786271677099423
5	36	-0.06789233879097789
2	12	-0.06789286691823437
8	61	-0.06803917516184374
13	45	-0.0680583068176012
10	52	-0.06822486085743959
14	31	-0.06832662451721194
12	67	-0.0684332992550579
12	21	-0.06844838724985242
8	24	-0.06850944235213258
1	69	-0.06869887129103097
4	57	-0.06875369837482562
25	35	-0.06906138082165855
7	31	-0.06928127032680509
24	43	-0.06929946355583122
38	51	-0.06944916259568373
42	62	-0.06962523443968449
25	65	-0.06969296536280559
19	24	-0.069729698717089
16	40	-0.06974853294695299
43	51	-0.06979944788432665
29	52	-0.06982598795723619
12	61	-0.06987052684297665
26	59	-0.0700548449704371
33	59	-0.07011713867224609
1	45	-0.0704732288152996
28	62	-0.07050209470789029
21	30	-0.07054878836575373
25	27	-0.0706830412456198
29	69	-0.07076267867706432
12	55	-0.07083290020323013
41	44	-0.07117047839411308
10	48	-0.07120750769168699
8	59	-0.07136087797270316
15	32	-0.07145313794282959
5	37	-0.0714890795376186
10	46	-0.07149549595198548
2	23	-0.07152788800178436
5	48	-0.07159308496084457
8	51	-0.07166892129904315
22	31	-0.07182908917110006
17	39	-0.07183668459541886
24	38	-0.07184716339259045
44	45	-0.07219046383220684
27	51	-0.07258718796100144
24	28	-0.07265658013474707
28	61	-0.07281904598014077
38	69	-0.0728357795248589
23	43	-0.07328425190860069
14	43	-0.07333864697859002
2	36	-0.07341990654449457
1	8	-0.07369711567232884
22	42	-0.07372397265165559
32	55	-0.07383901997238757
31	59	-0.0741188877642664
2	44	-0.07451174871346081
5	12	-0.07456487234349815
38	59	-0.07459051089654875
7	25	-0.0747357193444663
38	43	-0.07477130702345336
17	45	-0.07520582954653693
39	47	-0.07544700440890315
24	42	-0.07546560260939605
21	42	-0.07547019661990523
4	16	-0.07579780435758576
11	43	-0.07604493660749456
42	59	-0.07613128853242004
12	56	-0.07634768128805594
40	46	-0.07637008392860839
8	16	-0.07639905413161369
10	56	-0.07652857233936228
4	51	-0.07653231135783026
7	51	-0.07661962685033574
14	33	-0.07668728106266778
29	46	-0.07718485338034287
7	52	-0.07751563243996215
15	29	-0.07769943735284862
4	69	-0.07775662102291084
23	65	-0.07786932545159664
19	40	-0.07807451179084803
7	27	-0.07809739678931174
23	37	-0.07823252543258276
4	39	-0.07829165534989918
39	59	-0.07840278831762088
27	33	-0.07853560787591929
20	30	-0.07856972853472752
51	67	-0.07862710893034155
18	36	-0.07895800682409607
29	44	-0.07920456809658685
26	43	-0.07966628161214892
30	41	-0.08031527592218773
25	29	-0.08032829281749132
8	19	-0.08039562362091265
18	41	-0.08049185220365601
23	41	-0.08086216929485382
12	46	-0.08102350914089412
1	28	-0.08153697641613397
14	46	-0.08156767879176749
18	33	-0.08171391386474827
28	35	-0.0818791236783177
12	69	-0.08193823830829411
35	56	-0.08197523724312594
23	38	-0.08198984538150861
2	38	-0.08247193187435417
7	48	-0.08283244136574591
51	64	-0.0833148140779355
4	64	-0.0835919349235949
2	17	-0.0841159840858105
25	38	-0.08419863262594568
40	51	-0.08425506070313979
1	33	-0.08548510532382339
39	44	-0.08651137650872615
14	41	-0.08677825773028966
22	41	-0.0878855656707434
18	40	-0.08798841912979086
18	38	-0.0880605504224839
22	33	-0.08874769980547725
41	51	-0.08882885779630556
6	27	-0.08909855231135777
23	40	-0.08967236038342803
42	58	-0.08981122619863291
3	31	-0.09058318072363239
19	38	-0.0909866622612473
5	38	-0.09108269998318469
25	43	-0.0926855012895473
4	30	-0.09460586178437896
8	23	-0.09474737319152507
39	56	-0.09537449049627572
5	25	-0.09561402477404699
12	51	-0.09700609397713392
42	51	-0.09741010989094254
4	19	-0.09913919883821731
28	39	-0.09996967352803093
1	16	-0.1000899923330899
12	40	-0.100320181848572
5	43	-0.10051028622238001
2	22	-0.10064220444172955
56	67	-0.10082478689945462
7	22	-0.10150182955558584
39	46	-0.1017906629300131
23	31	-0.10228626723217879
25	41	-0.10342064683260727
5	28	-0.1066212287545385
4	23	-0.12439417779023143
