6	8	0.6012024955317737
10	13	0.5885605556249509
1	2	0.5603106626156171
25	27	0.4965931067233955
10	12	0.4670322612636483
9	14	0.4482049132281607
6	21	0.44722107665057775
10	11	0.4339916876790234
9	16	0.3969020723930115
27	29	0.3925838928651526
7	16	0.3643054025744058
20	25	0.35804813636436433
4	22	0.3398347764736849
18	30	0.33510917775216253
19	26	0.3202056246406626
23	25	0.2956135060121206
14	16	0.2912036696962151
8	19	0.2742537151272899
19	21	0.2645133852218994
21	24	0.23817218440358562
1	4	0.2225188956482842
5	31	0.2221578147716336
13	14	0.22112617486233327
2	3	0.2145335660768496
1	3	0.2122143478251598
22	24	0.2088961931207226
5	28	0.20503795615272485
12	13	0.20117224251468402
28	31	0.18251382094157598
7	30	0.1761903637532447
20	22	0.16994657681993153
5	18	0.16718522835003702
19	20	0.16689671400510953
27	30	0.16352608013983444
9	13	0.159448253152644
18	31	0.15777060081562688
2	4	0.15312371598958352
8	26	0.15278440806259141
3	4	0.15209007050560974
1	30	0.15037672436508237
5	17	0.14986453867279437
11	13	0.14668934538617384
17	19	0.14477505479109531
17	28	0.14360050049191414
19	24	0.14321713173952444
15	24	0.1350622949013121
17	31	0.1346949510931013
8	17	0.12725230352682132
11	12	0.12427934676492775
21	22	0.12357192947298745
21	26	0.12356298890138334
7	9	0.12191819044285263
15	16	0.12168346743231445
15	30	0.12058606183447634
20	23	0.11639248451814704
26	31	0.11599455794088076
15	28	0.1144489662342647
18	28	0.11353786008867894
21	25	0.10967648006029279
2	18	0.10751404822825061
20	21	0.10336757598990937
6	26	0.10165230468762643
2	30	0.10067796538906287
19	25	0.09780197786104328
23	31	0.09752392788415976
17	23	0.09403342140034288
3	11	0.0886126335368067
10	14	0.08860353580576846
27	28	0.08830069872246415
29	31	0.08558201113531949
8	24	0.0839288259468024
23	24	0.08254731920696246
4	20	0.07913212941248171
5	29	0.07765828438764294
3	22	0.07646083635256717
2	31	0.07545617659239662
5	23	0.07195358476831748
13	26	0.06983156771888421
26	27	0.06922812981394005
21	30	0.06895011904960618
1	5	0.06836768441204899
24	29	0.06833154188479373
7	11	0.06403285031328582
5	20	0.06307240037877526
13	16	0.06293419451144289
9	12	0.06233726395274192
7	12	0.06014580284065363
20	31	0.059753291261830155
10	16	0.05896241904114863
9	15	0.058750643315900464
23	28	0.05809005627665509
8	11	0.055710180374597906
3	30	0.05447720080125229
9	10	0.05353351108264731
2	5	0.0533107940900967
4	25	0.05274272434263044
8	10	0.05096423502033143
17	20	0.05056276950070415
7	8	0.05048259863368543
2	17	0.049358581442351335
11	15	0.04685566490054649
7	13	0.046538298311728454
6	24	0.04371898707313321
4	23	0.040930239153744497
4	5	0.040649293346034954
10	26	0.03980316216725366
17	24	0.0376674855158276
12	29	0.03615516399262625
17	18	0.03527507025968879
26	28	0.03511444192618085
1	14	0.03509115883048819
12	15	0.03386835009659994
5	14	0.03385040167893255
12	14	0.031865772664005976
21	23	0.0296689511326948
3	29	0.029623141185150748
5	26	0.02905475502361249
1	18	0.028970560848911198
3	28	0.028796165214865277
18	23	0.02850039359377149
18	20	0.027949389978619954
25	29	0.02730548741165084
14	15	0.027263217526216132
4	31	0.026904944053728286
8	16	0.02667825430622217
4	19	0.0255793926571512
8	15	0.02456617968377167
7	18	0.023077592890572596
19	30	0.02304459565323036
20	28	0.02196369118159791
3	15	0.02186083609106748
1	28	0.02144741406933387
12	16	0.019131951903898048
17	26	0.018898485863112324
6	25	0.018529069119873287
8	12	0.017781602488508352
11	24	0.01739439394440989
22	29	0.017009550488766012
4	24	0.016176646349371715
26	29	0.015768953814316422
2	27	0.01564051246440562
5	27	0.01542465583863456
7	10	0.01541672195628524
8	21	0.015324829011446384
16	30	0.014805221584183903
3	18	0.013902338982654527
7	14	0.011959938216057064
15	29	0.011718239784379358
22	23	0.011035254760193514
18	27	0.010938510465548446
20	27	0.00894516088621583
14	28	0.008852796241407002
27	31	0.008566529447528726
9	18	0.008294252702635785
15	25	0.008280108854067048
9	30	0.005537852514701624
2	28	0.0051599581616216805
13	15	0.005109129073372409
1	7	0.004792818948794242
16	18	0.0045596463242725815
10	17	0.004501288920945257
7	22	0.00368455340886098
6	9	0.0032867473962621685
6	7	0.0029644193903701765
19	22	0.002642241888644814
6	19	0.0025822207159205135
20	29	0.002135423055558805
15	26	0.0007746672980081248
4	8	8.612136036295626e-5
11	16	-0.0001485849885421997
6	30	-0.0015753458844676715
23	29	-0.0020460781235688286
21	29	-0.002848573457195247
14	31	-0.0032949223265594796
2	19	-0.003486106466076666
12	24	-0.0042620452378424045
16	19	-0.004458310723911674
22	26	-0.004733752374727673
7	19	-0.005043526445722923
24	25	-0.005648699043938277
6	16	-0.006103546587531317
1	17	-0.006188916502414377
11	22	-0.0070497935709681325
22	30	-0.007128895412428005
4	27	-0.007457922995220079
24	26	-0.007820007000299167
23	26	-0.00782441603437456
3	12	-0.00813887086103543
11	26	-0.008436436062595198
3	21	-0.00971219453911415
28	29	-0.01114551383249629
10	15	-0.011363765645898749
2	29	-0.012125792416070175
9	11	-0.012429795643291885
7	29	-0.012729226736373722
11	14	-0.013908527695884576
8	9	-0.014150156293554261
7	27	-0.015980179302671593
1	12	-0.016663799133476098
25	26	-0.01708061856580584
3	16	-0.01886652586216503
16	29	-0.01889298316525323
6	15	-0.019457375713099023
5	11	-0.019511556921135098
4	16	-0.019782042437604785
4	6	-0.019800007047651058
1	11	-0.01993471284073428
1	31	-0.019984417052276215
6	12	-0.0204858041740254
5	25	-0.020617020052739188
1	16	-0.02062666513589434
12	31	-0.0209853562182582
3	5	-0.021025870385293632
14	23	-0.021029527647457413
22	25	-0.02148238168858413
5	15	-0.021990285149646183
3	23	-0.02222793262899156
15	18	-0.022865539026846737
17	29	-0.023080537096435094
26	30	-0.02311444929155909
4	18	-0.023148945337142735
5	10	-0.02349771659274319
3	31	-0.023641775389677128
7	15	-0.023724842560768622
16	22	-0.024145627398806824
24	31	-0.02522990527440927
8	14	-0.025286084254993846
3	6	-0.025369214446869126
23	30	-0.0254523660903081
3	13	-0.026202625776171773
29	30	-0.02659711861748182
9	22	-0.027033210893718962
12	30	-0.02874942721299978
6	22	-0.02915993955350904
10	31	-0.029212753811980963
22	27	-0.02932595585632236
15	22	-0.029417936673134082
8	28	-0.029992741053785632
14	20	-0.030043502867438232
1	8	-0.030141489073832073
7	20	-0.030203781179916123
18	29	-0.030672798301494275
6	28	-0.03081063612405288
4	28	-0.030922894333093198
15	21	-0.031189182203715804
3	9	-0.03122675129528818
14	27	-0.03151125713875863
6	17	-0.03238931644110332
17	25	-0.03286954424427907
7	21	-0.03343493397109465
30	31	-0.033512669907624804
25	28	-0.03371136040265699
15	20	-0.03375845396281707
2	20	-0.034253194798653686
12	22	-0.03493833515363093
6	29	-0.03514499334915311
11	23	-0.03627717942224207
24	30	-0.03631244320884208
4	21	-0.036670501534038225
3	7	-0.03764945935544639
2	23	-0.037863566924058234
13	18	-0.038646937953572824
2	25	-0.03960200639831252
12	17	-0.04022502986046261
4	15	-0.04025809570558431
8	27	-0.04186024329892751
17	27	-0.042796342486921546
10	28	-0.04298894205753684
4	29	-0.04299841187500386
1	13	-0.04365497274479102
11	29	-0.04446045580129354
6	13	-0.04459879640750236
6	20	-0.04509173478706935
9	24	-0.04518750908732061
18	22	-0.04528810172441744
19	23	-0.04547420299863769
18	26	-0.0457140903022048
7	23	-0.04582480623627694
13	17	-0.046073295374323975
3	20	-0.04664848898778712
15	19	-0.0473150083924328
9	17	-0.04735922639860185
13	29	-0.04755838127193773
14	30	-0.04779563300072909
22	28	-0.047825862782989226
9	19	-0.04782907884521104
5	12	-0.048401014857544
10	20	-0.048544797090004144
14	24	-0.04896845341999573
11	21	-0.04900813503834983
11	25	-0.04920043193178397
20	24	-0.04991973319376264
14	17	-0.05000329626378003
8	13	-0.05032818738696915
12	23	-0.05054913668515604
24	28	-0.050996610251815844
6	18	-0.05166272956557166
4	13	-0.05288551518215828
11	17	-0.05342322977668329
20	26	-0.053638005397582955
12	19	-0.05394891697285498
11	31	-0.05412155114597894
25	30	-0.05434769750661944
2	11	-0.054536625890746676
3	17	-0.05461318969510601
5	24	-0.05504235739698665
5	7	-0.05537414681321817
7	31	-0.05542198906945295
4	17	-0.055506445648092206
13	22	-0.055667782007021493
7	24	-0.056146445959172175
15	23	-0.05616837180609638
2	21	-0.05624035527792287
5	22	-0.056613960901174376
11	27	-0.057242866870558906
11	30	-0.05776354034352671
10	18	-0.057844809152065524
13	19	-0.057865403291799344
18	25	-0.05789017023854892
1	27	-0.058305449756878125
12	18	-0.05858645215636654
9	29	-0.058735605540244595
1	23	-0.05905263372054839
1	20	-0.05912248770788847
9	27	-0.06025140587781824
6	11	-0.060826854927542695
14	22	-0.06162364126715769
6	23	-0.061970877636297994
16	27	-0.062260505462894966
13	24	-0.06235763452125109
12	21	-0.06246644259456674
9	23	-0.06270529464600894
9	21	-0.06329525868403846
3	14	-0.06390083597157117
3	8	-0.06393092982710658
1	15	-0.06395779143375643
2	9	-0.06454486473617749
2	13	-0.0646769002943681
3	26	-0.06476125133396221
2	8	-0.06492264764821276
25	31	-0.06544521290916672
16	24	-0.06605439181195416
24	27	-0.06650223833792962
12	28	-0.06690879792737259
2	22	-0.067430108831628
1	9	-0.06768064769498289
4	11	-0.06905297818437683
8	30	-0.06912613847430704
21	27	-0.06932930945219007
10	29	-0.0695816494131486
6	14	-0.069603317091609
14	18	-0.0698013756545498
7	26	-0.07036169459178748
13	28	-0.07114679611346536
6	31	-0.0715437434802309
11	18	-0.07195766645674134
2	12	-0.07227833697996949
15	17	-0.07237946466278383
4	9	-0.07250452823749381
3	24	-0.07279242981068479
6	27	-0.07293430963708769
19	31	-0.07323206507356117
2	15	-0.07381146100797792
3	27	-0.0755158162492866
11	20	-0.07642853378544712
10	27	-0.07693158822587454
5	9	-0.07720798571007809
1	19	-0.07762655575931565
3	19	-0.07801595482734791
10	23	-0.07805624349140738
14	19	-0.07816172639488417
22	31	-0.07819759137913718
9	31	-0.0788822608107071
28	30	-0.08064202802278858
2	24	-0.08066118353744761
1	22	-0.08075272944916989
8	22	-0.08122064071168311
7	17	-0.08154130686571931
16	28	-0.08180146526310694
11	28	-0.08216261110303524
10	24	-0.0827525805570885
23	27	-0.08299532094857531
14	29	-0.08362672845708921
4	7	-0.08381420986697985
12	27	-0.08448951298827428
7	28	-0.08495381081867881
9	28	-0.08513263483723083
16	23	-0.08532290880186733
1	21	-0.08539368616009563
3	25	-0.08559517360529739
1	29	-0.08587579282876481
10	21	-0.08589001674237229
5	6	-0.08661358597280555
12	25	-0.08787147010053337
17	22	-0.08824751220711918
5	13	-0.08836952653113608
12	26	-0.08843511678599825
12	20	-0.08944753805494532
11	19	-0.08953516244870974
8	23	-0.08953685769338615
13	21	-0.09040162276977715
1	26	-0.09044906839717304
8	25	-0.09057516657320025
16	17	-0.09212985776436772
17	21	-0.0923619724431381
14	25	-0.09385856222038635
19	29	-0.09401442769915042
4	30	-0.09454935238200096
4	14	-0.09464313641777922
2	26	-0.09519045846260107
13	31	-0.09553277188917139
18	21	-0.09601136408311106
16	26	-0.09634157905858748
16	21	-0.09703966774363265
17	30	-0.0983794316913656
15	27	-0.09891863873878409
18	24	-0.09950689655422912
15	31	-0.09954228767329532
13	27	-0.09992169424340747
1	25	-0.10047534496768137
14	21	-0.1012363916959127
2	14	-0.10215406575269437
10	19	-0.10259679772677732
5	19	-0.10288670774975356
20	30	-0.10302686150838408
8	20	-0.10393561979772054
19	27	-0.1049632649072545
13	23	-0.10725032593328984
16	31	-0.11007683953348107
10	30	-0.11071503990195314
14	26	-0.11124922324801573
10	22	-0.11198052648277457
2	16	-0.11215058144353032
10	25	-0.11238077704038202
13	25	-0.11279141276232119
2	7	-0.11291316267568208
8	29	-0.11296465540930045
1	10	-0.1133957908008209
21	28	-0.1134484709178602
9	20	-0.11661070120988859
7	25	-0.1168509899114063
2	10	-0.11963647195867638
5	30	-0.1197813041883602
13	20	-0.12100581782215081
4	12	-0.12120098500076498
3	10	-0.12133900929025185
2	6	-0.12150911818362756
16	25	-0.12165974158846538
9	25	-0.12271252901784585
5	16	-0.12293435433507427
19	28	-0.12480853660556834
1	6	-0.12580744363624044
21	31	-0.126423998717804
1	24	-0.126651576963433
4	26	-0.1271238286022186
13	30	-0.13292830609709677
9	26	-0.14520681542866382
18	19	-0.14808148785327319
6	10	-0.14893491648017004
5	21	-0.15647564098292455
8	31	-0.15735157681287099
4	10	-0.15832995803387695
8	18	-0.16254960115249
16	20	-0.16734995429848637
5	8	-0.1740350847855232
