18	19	0.7570490561484984
44	81	0.7108594480033553
27	29	0.6889293511949662
57	59	0.6390238154768342
58	66	0.5255540983678721
36	40	0.48523807799006147
52	80	0.4832778713045028
42	43	0.43549010169605695
63	67	0.42563155624297005
18	63	0.40763362513767376
28	66	0.40257280826671943
74	75	0.3860682176148695
57	60	0.36345625981402496
33	42	0.34994726740919285
41	43	0.33586315206441875
8	9	0.3301459319768667
37	43	0.32432649195775876
37	38	0.31165186095749464
12	70	0.30736222940379465
12	14	0.3045636384123832
10	11	0.2921191871439097
10	41	0.2919336128506834
37	39	0.2787395353385015
21	23	0.2765100471216134
39	43	0.2754591771905124
52	55	0.26420998930883255
33	46	0.2615309831263755
62	65	0.2612328884517947
58	69	0.24995987696967065
8	14	0.24644742627687455
57	61	0.24461590908338215
2	3	0.24348458385884206
11	77	0.2431037395625702
73	74	0.24126519926922696
61	66	0.24069359736196982
37	42	0.2305197822898774
19	63	0.2302128332766596
9	11	0.22907536163057735
60	61	0.22169606903538946
18	66	0.2189857405623863
38	41	0.21781884535190799
30	44	0.20806909215150302
53	58	0.2066333922053744
18	20	0.2018218842341562
4	6	0.2000100472256959
12	66	0.19557687026043435
59	60	0.19461837826285294
11	38	0.19243096329997383
12	77	0.19225339977365596
18	21	0.18788406498892618
8	11	0.18614209742694876
49	67	0.18258685116998669
3	78	0.18256194497060882
21	22	0.18227440462449873
2	4	0.1815382669078537
18	27	0.1803829784368205
53	67	0.1800751208505768
12	15	0.17978936864947687
40	41	0.17898219214542088
17	31	0.17781989364561174
27	49	0.1767712935462814
31	32	0.1766614133225693
11	67	0.1762777358038357
19	28	0.17593068733957679
54	73	0.17548824058864926
8	10	0.17512506621593232
38	42	0.17503038560160722
24	25	0.17364536698407484
22	25	0.17267451958876895
19	21	0.1717611050212534
14	63	0.17174936377503341
79	81	0.17056323017976757
58	61	0.17009759886116782
81	82	0.16822654821990152
80	81	0.16593663881433063
11	12	0.16458167013249841
66	69	0.16277512611301714
23	24	0.1620668752268888
17	32	0.16113922415327225
37	41	0.15988059189564519
14	59	0.15902560822668688
51	52	0.157888908512822
19	20	0.1554979212804416
12	38	0.15450757993546232
21	27	0.15324903151639885
57	58	0.1530807004327711
27	28	0.1523627973095788
16	35	0.1517283642010171
33	40	0.15161323765006895
54	55	0.15160386048561933
17	21	0.15076352471412752
34	37	0.14953720487102068
28	67	0.1470129222942364
16	67	0.14498191195290094
18	62	0.14439067411001738
5	6	0.14351729872778268
2	5	0.14132041123669103
68	71	0.1395337285203233
2	42	0.13940718788752052
56	69	0.13795096061720236
26	30	0.13696625720146177
13	48	0.13690823680150246
52	69	0.1366452031250881
31	77	0.13538703687857
12	28	0.13494204291698764
22	24	0.1346225756421266
53	71	0.1343508176817924
14	44	0.13406567567069178
34	36	0.1334444218688639
19	66	0.1333871721867791
16	28	0.13338163499653988
25	37	0.13333860329443523
55	78	0.1330611362697594
17	27	0.13269493824887263
35	40	0.13028251393848125
77	78	0.12957376686074434
53	69	0.12875829142723616
17	46	0.12837973735096014
7	9	0.1280292211263165
19	62	0.12790271477469684
30	33	0.12633554465018648
19	32	0.12592820243816438
40	43	0.12497319073006427
4	14	0.12461515699807324
31	60	0.12422511223046889
2	6	0.12402953114344475
52	57	0.12399777885908497
16	61	0.12391355974423951
61	65	0.12352452506374839
77	79	0.12325420793652012
41	42	0.1229750203236128
7	10	0.12276392034966827
40	42	0.12131676096133692
47	50	0.12107261318416757
50	58	0.12091206678968563
15	31	0.12084548399231548
6	73	0.12048548666451064
16	70	0.11982733540469859
52	71	0.11979255658888699
20	60	0.11973443351008967
38	43	0.11959235263081092
33	44	0.11949880555534656
2	44	0.11929142344996399
4	42	0.1188297381752732
30	48	0.11841301619090536
5	76	0.11804524007839773
12	58	0.11754338214634774
49	60	0.11747322685723699
29	45	0.11742086123016654
13	30	0.11712893027196122
21	25	0.1167084481207804
28	53	0.11613454836910564
39	40	0.115853611300712
31	46	0.11553748949556131
69	79	0.11484647352223568
23	25	0.11464196121666817
65	68	0.11421006084149438
19	25	0.11403064398342716
2	30	0.11333697589471184
17	34	0.11321881987791504
22	23	0.11221897234441475
4	39	0.11173626643622697
11	32	0.11134879216733329
32	46	0.11086261203784809
39	41	0.11043578407938334
3	76	0.11036662864740196
47	51	0.10991202596694336
52	79	0.10990063508229536
33	37	0.10906901546963932
26	70	0.10798486335314289
7	38	0.10783530953118933
17	25	0.10650291847699433
9	10	0.10602405949088622
32	60	0.10542665010511709
30	42	0.10328300622788372
49	74	0.10212675819845046
6	12	0.10209010007579289
57	64	0.10170319183525828
15	63	0.10100230445976471
59	61	0.10048611975895155
30	50	0.10004725104189963
8	41	0.09936336633461162
11	36	0.09820685557532044
15	34	0.09809787078689253
3	4	0.09801160230986275
32	71	0.09762999430078328
22	27	0.09621854958881765
21	63	0.09594724130947774
58	79	0.09535870535396229
31	61	0.0946978204220098
36	37	0.09329246995191093
47	78	0.09321228673776347
31	53	0.0929203867702218
9	65	0.09282767056894206
14	24	0.09247330707373111
7	8	0.0913246575482646
33	79	0.09100943537548012
39	42	0.09098820299243707
16	31	0.09095532743901708
15	18	0.09057294574399577
21	49	0.09051703985365805
54	77	0.0902451278203964
28	61	0.09006963986611366
28	70	0.09005049716379482
45	81	0.0896804482031617
65	76	0.08812289832864867
32	34	0.08785685467664744
34	53	0.08781027320652363
43	45	0.08737204638259313
68	74	0.08681924008539246
29	46	0.0867624592411374
78	80	0.08646116605317675
48	50	0.0860590822577747
49	75	0.08575959511604642
34	49	0.08523582439408328
13	50	0.0851142554416986
13	79	0.08510879433483093
27	53	0.08499673373083616
61	69	0.08493688523942583
14	77	0.08454397911920841
32	35	0.08452135803752725
63	74	0.0836249592751197
13	47	0.08309963090438631
2	81	0.08268977561547422
11	63	0.08231520755958194
73	75	0.08226896494519259
39	52	0.08209969585136653
12	17	0.08206631322123265
60	64	0.08205655305464937
31	54	0.08203809964321629
34	65	0.0816574828446629
11	71	0.08121996897853906
20	63	0.0809948176301199
15	19	0.08090543836206232
16	46	0.0808102813695557
18	28	0.08077060290843008
6	74	0.08052404135888719
38	39	0.08027168506588397
25	31	0.0799348537179374
17	63	0.07949859655570607
70	77	0.07843527960204705
22	32	0.07831572419217797
29	34	0.07815381198725868
18	25	0.07776088995480204
6	21	0.07762167766088873
33	39	0.07740321957612475
28	58	0.07726510689593624
14	28	0.0770092480389537
26	71	0.07696923656908117
17	70	0.07673846602891848
48	55	0.0766883411858598
12	22	0.07621166097954124
26	49	0.0761423645535323
16	19	0.0760223781352174
36	38	0.0759570002036758
55	56	0.07554414497397727
48	81	0.0752826366437736
13	44	0.07522803163024716
15	73	0.07488125737272311
15	28	0.07440220802616998
11	15	0.07415815381669716
44	48	0.07393126845011355
6	8	0.07391198897948553
27	66	0.07361115547688102
14	58	0.07353975918179517
12	73	0.07332783394775827
20	50	0.07326871586777628
22	31	0.07287027118973766
26	60	0.07262074219345488
16	69	0.07260291707548017
12	69	0.07217224806052863
28	29	0.07207944783277004
72	74	0.07198626228389826
22	71	0.07189562312414688
12	75	0.07145537309997313
26	27	0.07136484369652879
13	55	0.07126037987308602
13	39	0.07109388765877096
39	77	0.07091373065275838
11	31	0.07084687342559282
13	81	0.07070982669963968
17	49	0.07043964269896363
19	22	0.07033665150166568
17	29	0.07029532832992197
34	46	0.070273911080242
74	76	0.0700652489107493
4	5	0.06994229816511083
49	61	0.06971217532765678
51	81	0.0693287277197838
23	26	0.06926708797602354
62	64	0.06925681835293052
70	73	0.06924204835062642
61	64	0.06915409816749862
2	48	0.06900257680741018
14	17	0.06838390912294978
48	79	0.06827875831172162
49	73	0.06824708843630861
29	63	0.06792580229016554
68	75	0.06787499131786484
38	70	0.06781128596819852
21	35	0.0677784500770966
15	27	0.06761508754281503
44	79	0.06704425407108844
54	70	0.06691776766030127
16	17	0.06691292326298848
22	26	0.06688058480205455
37	40	0.06684248436944257
50	53	0.06648355453939989
22	67	0.06640690820612588
78	79	0.06592445031477615
60	69	0.06576069098904441
21	26	0.06567997466275732
25	49	0.0654933384996842
15	67	0.06548601123523146
16	26	0.06530980757515509
5	75	0.06529495567923443
70	74	0.06496219063625552
56	58	0.06489848795963482
22	47	0.0648944929250006
29	42	0.06472501973758493
17	22	0.06470418501881192
45	72	0.06464671712497741
21	71	0.06416999420564357
57	67	0.06409524472805955
32	49	0.06374203362918224
35	42	0.06362513853730628
27	65	0.06358086591417333
42	79	0.06347213979315697
46	50	0.06337793862044894
45	80	0.0632867679626899
19	27	0.06324358374775824
33	77	0.0631884555858031
46	49	0.06278963375925017
48	53	0.06276414356089319
22	37	0.06267588999184809
20	51	0.0623263563183761
31	70	0.06232206969535414
69	73	0.06226008350141593
71	78	0.0622335842623335
71	72	0.06222267303756218
58	70	0.06187477818571019
39	45	0.06144420431623787
2	13	0.06143047800099875
13	53	0.06134189608947596
46	71	0.06114563058684386
30	46	0.06101078754212802
32	65	0.06071123859429306
23	50	0.060651998461481726
39	44	0.06045127284037419
42	45	0.06041734987718966
13	54	0.06040294525024986
17	58	0.060296461346502295
29	31	0.06007797897444317
23	53	0.06006617743368528
48	51	0.05975184412445833
33	62	0.05969352080081264
67	71	0.05964120870546902
24	73	0.059541999528705175
9	14	0.05953953470070322
15	66	0.05945924879342385
24	34	0.059312964748454794
50	78	0.0592902297946761
19	44	0.05926809987127796
14	15	0.0592159344896091
16	50	0.058877959431598736
21	70	0.05878484116793076
15	70	0.05877558291246643
17	33	0.05857546397837993
22	53	0.05809603622019194
17	28	0.05806318947727401
34	35	0.05800140924437658
49	57	0.05774358482654912
13	51	0.05771735276801512
10	37	0.05771299656608547
23	71	0.05770927331355363
7	14	0.05754203810419864
64	68	0.057524749239267536
79	82	0.056916098991055236
27	45	0.05685269397807913
22	46	0.056632106247362035
13	16	0.056387926699921265
68	78	0.056225914234820734
74	77	0.05604878234384042
5	45	0.05586156412574403
49	70	0.05518067437351487
14	67	0.05514581626079801
64	67	0.054719124674188546
24	77	0.05425304599361802
15	37	0.054237231535599895
34	77	0.05404079462438921
4	13	0.053703828056589076
16	56	0.05361476656270028
6	43	0.05355491056821854
31	34	0.05340238368200945
33	49	0.05339492142433405
63	81	0.053163598918696875
20	40	0.05293599879682814
27	80	0.05290769100742676
28	50	0.052565926082849934
72	77	0.05255194027776394
11	20	0.05252673740476621
10	16	0.05244368468149424
22	77	0.052440142554324776
35	39	0.05230182598033453
35	78	0.052280754479925806
30	79	0.05210566993510363
32	36	0.05208649424279327
3	38	0.05198435602837695
1	2	0.051979857912170434
48	77	0.0519655684542763
51	59	0.051848448048853885
14	30	0.05169253795368889
51	66	0.05163835740534381
36	52	0.0516327288689801
68	72	0.05142257724305671
29	49	0.05124614915797998
51	76	0.05116647178533329
41	76	0.05109337444807388
45	63	0.0510356776889031
69	76	0.05071795451630273
67	79	0.050644071408621955
47	61	0.050584456702959496
6	72	0.05056444772730073
75	77	0.050512230990687246
31	71	0.05026788909622826
4	36	0.05022510851629
14	32	0.05012239902341681
26	58	0.049774983592811406
16	57	0.049690486496655306
3	6	0.04924843100573276
51	79	0.049242477592536915
28	62	0.04923925261477813
13	77	0.04913578839172056
28	51	0.04900010220829304
33	56	0.048834224965660644
56	57	0.04880216865099912
49	80	0.04868025455698022
54	62	0.048593012695826665
73	77	0.04823805067549963
25	59	0.048174250723126005
9	36	0.048130217420354615
78	82	0.04796227882347473
9	72	0.047900651832427726
26	35	0.04787188743303808
3	42	0.047687168624505366
8	28	0.04755546714856518
35	68	0.04739006144250657
55	82	0.04737318435254262
20	35	0.04734378117716412
50	80	0.047340229408818796
56	72	0.047330990985689825
53	55	0.04732312648550516
5	71	0.0471981905281178
35	46	0.047173938561133444
52	59	0.04693229351168948
27	34	0.04691667504941199
14	48	0.04688462879768965
30	70	0.046877657170770776
32	64	0.04672446615272041
25	67	0.046617908992519164
4	10	0.04650161669006905
6	31	0.046391243999216236
6	48	0.04630707936430098
80	82	0.046258257155650656
13	65	0.046209218336705826
13	33	0.04602935856470172
11	39	0.04600287534476463
38	40	0.0455869618344521
25	32	0.0454997505634227
25	26	0.04549419759578155
3	50	0.045417611358699844
12	16	0.04537832269137404
44	50	0.04534601957582665
3	7	0.04520565299634505
46	53	0.04517675714758035
9	52	0.04499598165284935
72	73	0.04491364367965017
51	56	0.04481199351568757
42	81	0.04464445767528774
12	54	0.04450673589458165
20	73	0.044477680160856514
64	82	0.044318609589369146
3	54	0.04429977060920451
3	5	0.0442264971589626
54	72	0.04418930695679116
22	70	0.04407421148197055
21	29	0.044031850540128314
20	71	0.04387195476813416
51	80	0.04383378249680617
4	48	0.04377663141395166
35	79	0.04371554416590326
29	81	0.043679513308975404
46	74	0.04354073748060977
62	75	0.043346006852989255
13	35	0.04331524151991101
6	16	0.043103581239218924
15	54	0.04304915572835566
15	80	0.04275838930593023
79	80	0.04274743400020309
57	62	0.04268278983145224
49	52	0.042660534874426836
26	54	0.04237621882161402
47	82	0.04228059135864998
56	65	0.04228021595578915
59	67	0.042276028864897175
16	73	0.04226252708510281
13	58	0.04222054301598416
24	68	0.042149324874765054
7	36	0.04202961312417952
44	59	0.04186338269505885
66	70	0.041861415285671666
10	71	0.0417530352936768
9	26	0.04174582565449919
44	63	0.041696920112939795
10	76	0.041526383013209045
33	48	0.041331361284674684
76	78	0.04123984358929511
38	53	0.041154432854498546
22	34	0.04112750458322151
26	44	0.04111428087242877
60	76	0.040978010667688275
8	38	0.04096117138823624
33	63	0.04095497959205918
9	76	0.040877689209783685
41	45	0.04084612314026395
10	15	0.04070692951859972
62	72	0.040667007652470166
49	64	0.04058145266004215
30	39	0.04053881233093251
40	45	0.040334047701220316
70	75	0.04024245648098318
61	81	0.04013781839859565
28	31	0.03995661948449264
10	54	0.0398288648268664
6	18	0.03979137452873821
5	35	0.03970000125908307
36	81	0.03968523592174339
75	82	0.03967654393827197
13	37	0.03949545976102761
30	47	0.03946328886138137
5	16	0.03934133896220038
63	71	0.03929168337092426
13	38	0.03928999262889468
56	60	0.03927438932472821
43	48	0.039261636867324964
23	47	0.03917378982933484
40	78	0.03893433595148893
12	27	0.038896164581016135
17	67	0.03883810722601044
50	79	0.03859407158803832
38	71	0.03857517056770876
64	71	0.038528032060984485
27	62	0.03838036131771044
45	59	0.03835392822477868
8	56	0.03835314043110494
52	54	0.03826131773381927
58	60	0.03822823944837306
12	74	0.038008667224819825
52	73	0.03785837297217026
1	13	0.03784213285362056
51	82	0.03783104518393096
9	64	0.037796318126273265
62	69	0.03775920067110783
15	53	0.037588209322561295
10	56	0.03750790315143737
2	45	0.03749898221825218
72	78	0.03745588070354308
50	56	0.03726140929384297
68	73	0.03725524341749409
1	3	0.0371751799244717
15	22	0.03715856518583677
49	66	0.036886992917552985
16	64	0.03685207209123598
36	62	0.03682822422533802
29	51	0.03669678897149156
22	28	0.03662056662343849
47	54	0.03648871093325437
17	23	0.036480599327775476
5	8	0.03638089521501628
59	65	0.036166449705939935
3	33	0.03609834977699844
33	41	0.036080853503988874
12	67	0.0359575100439668
7	19	0.03575121333947806
32	68	0.03565782476726026
18	72	0.03561193752784175
30	55	0.035533544406674944
20	44	0.03550525392836318
17	42	0.035394417766703545
16	48	0.03526759421713774
36	46	0.03516260398458926
7	65	0.03514997820606955
11	47	0.035024478022235905
8	36	0.03495383814621991
22	65	0.03487025083311296
2	76	0.034848655655336624
8	39	0.03475009613192423
37	54	0.03472405472792123
49	82	0.03467717342710064
5	74	0.034546870566080246
23	64	0.03453269819089555
57	71	0.034259909626538965
76	77	0.03412994771050337
45	46	0.034012975652291944
24	26	0.03398865878737395
47	48	0.03397406582248104
29	80	0.033921769476071395
32	54	0.033912561567223665
23	27	0.03389602804313957
11	72	0.03386078428596373
72	75	0.03384781313204069
46	66	0.03372676500583893
56	61	0.03368253418283429
64	81	0.03357552645893966
17	20	0.033377664164205345
44	82	0.0333304053963764
5	57	0.03324675012006956
16	53	0.03304565480801985
9	41	0.0329481362135417
35	76	0.032856593935957606
34	52	0.03283263953081955
47	74	0.03260059817697533
20	55	0.03256279199058221
2	50	0.03221567266623762
6	26	0.032213690057057265
14	39	0.03218592044841748
6	68	0.03212287392877164
7	30	0.03187942831715895
15	17	0.03175776339505321
27	47	0.03168648445984926
48	54	0.031594577950785185
14	25	0.031528936604799496
38	67	0.031406151365676815
51	72	0.03137471008215165
61	79	0.03127427606330979
40	50	0.031215043595464675
18	29	0.031212465285872182
50	55	0.030941163351153184
52	58	0.03091667449810198
57	68	0.030908403493720316
8	12	0.03085238197296558
22	50	0.030624870649127722
61	70	0.03057327399806231
60	68	0.030560135289455143
18	45	0.03052643792850468
28	64	0.03051718566704409
56	82	0.030457912646495763
19	31	0.0304211586663381
6	24	0.030412832632578102
69	80	0.030311279866596208
9	32	0.030213790963572573
20	67	0.030213150943205147
20	36	0.030179516854999255
20	21	0.030096250782851608
22	61	0.030042928553188797
4	47	0.030016862911496994
13	43	0.02986299394120355
40	59	0.02986206029653149
3	8	0.02971669840577576
23	49	0.02968808475939555
55	69	0.029663006534817626
47	63	0.029372639128964068
3	30	0.029304691292461688
56	76	0.02929282804622263
47	65	0.029272622741938703
20	77	0.0292633111665217
21	37	0.029196799045706767
69	71	0.029133126641877505
6	39	0.028947489747564364
49	81	0.028916789466080006
31	42	0.02880373835941341
71	76	0.028771226325090465
53	62	0.028734556110845272
65	80	0.02872409591693606
7	37	0.028627609705808132
18	65	0.028493604256245975
15	59	0.028468107330979542
74	80	0.02846525203823591
14	64	0.0283081194582247
52	76	0.028283414192912804
3	80	0.028283007291538015
4	71	0.028204268392809706
69	78	0.02816571973212481
24	67	0.02812226693322739
29	36	0.0280780192371054
39	50	0.028043871279535365
38	50	0.0279544197836451
42	56	0.02793408807135156
26	40	0.0278656012848551
41	56	0.027848824291382857
19	34	0.027813942392259372
75	78	0.027753538329515326
51	54	0.027751233077703413
47	79	0.027713201613115218
36	48	0.027710444946469764
60	82	0.027681814795393028
5	65	0.027640761118787077
15	24	0.02757986308880353
62	74	0.02749745288816058
32	72	0.02748909156617313
17	74	0.027234842835476503
13	82	0.027228055903383105
2	25	0.02719973687964844
46	57	0.027166410050485756
18	49	0.02710186097059769
7	33	0.027037969006678708
10	53	0.027034322642863096
1	4	0.027012957924721047
55	57	0.026994825025490166
9	43	0.026926475274052147
56	68	0.02682118861617172
66	82	0.026758919781068036
4	77	0.02674355085160629
46	64	0.02673131734190215
73	80	0.026690320302358017
5	33	0.02667187522356801
48	60	0.026554088112522717
71	80	0.02647708941096033
72	76	0.026464965904384463
11	34	0.026397861746330242
21	67	0.02632899852969095
14	26	0.0263094925451528
4	70	0.026303602645057184
1	48	0.026277577569247368
44	51	0.026265252698852243
15	20	0.026108886383027552
49	51	0.02605421617225523
27	58	0.025943054373550045
17	35	0.02589684037574924
43	78	0.025874381261358714
17	24	0.02582446449226128
71	75	0.02579253856313496
29	67	0.025711456049298087
4	73	0.025701262763822813
68	76	0.025636377881550515
6	7	0.02553434266129115
4	38	0.025503569848015495
60	73	0.025480380190781693
34	40	0.02532129968518282
4	22	0.025278350417623274
33	34	0.025233852953725266
20	30	0.025197936843111696
67	74	0.025166484430204306
10	27	0.025042327716517376
25	27	0.024987787501549674
17	73	0.024877577129533757
28	63	0.024858179016947424
26	46	0.024848964655667438
9	23	0.024829343512520835
42	65	0.024726394687560604
50	73	0.0246086697502515
4	43	0.024580102934999515
15	41	0.024560002190678276
48	66	0.024430477835961
16	34	0.024425575477927286
6	13	0.024414947949322363
4	7	0.024351790091931808
31	49	0.02431068116583024
24	61	0.0243102084597161
18	58	0.024128210335299105
9	56	0.02404827235372453
35	47	0.023960173867292545
35	64	0.023948414042684635
45	51	0.023927408436632158
6	82	0.02390536229761131
13	14	0.023794265436199558
44	45	0.023732793770721072
72	81	0.023675023558034552
25	61	0.023648677697649834
18	23	0.02363516788438008
77	82	0.023535521622926214
30	49	0.02351892985923515
2	7	0.023513884151770387
19	30	0.02349752512051584
1	47	0.023480308164711423
5	9	0.02322369398112184
50	77	0.02317968673326659
24	30	0.023155161586780743
46	56	0.02300925561843503
7	52	0.0229892676599118
12	31	0.022857334396552742
56	80	0.022812181832876838
21	57	0.02272278389351634
39	48	0.02269605461432786
10	20	0.02264253562786861
30	75	0.02259152141924564
2	82	0.02250947702970109
23	70	0.022375648170498863
63	75	0.022347880072229376
44	53	0.022326394386445042
14	68	0.02214872137984597
6	76	0.022103133168258876
8	23	0.0220155696191352
75	80	0.02194569872200025
20	70	0.021867991613413684
5	73	0.021846747092983704
40	64	0.021832778423256233
21	68	0.021759672641744277
39	76	0.021684087034850974
37	60	0.02162975796619715
56	78	0.021523176885391543
47	81	0.021477194422296897
33	45	0.02143929609467818
6	34	0.02143400574792914
67	69	0.02131155579251931
2	47	0.021195970552100346
73	76	0.021182835339543016
10	75	0.021144697083469777
35	75	0.021113935857688004
13	36	0.02108943195204424
50	68	0.0210215411099324
38	63	0.020972491878376687
7	24	0.02096563277850161
55	65	0.02096459282174784
26	31	0.02095265504334559
3	45	0.020924978332664518
42	77	0.020921617407431314
55	72	0.020915220548511443
8	73	0.020824994809159503
20	69	0.02077210580260963
5	78	0.020757946163797364
54	82	0.020664998431438264
54	79	0.020490860484239204
18	22	0.020483479800631144
19	58	0.020450048881391958
2	9	0.020421952901597262
44	80	0.020374515876806526
10	80	0.020235501012634216
14	54	0.020087114549155127
11	37	0.020058816326210704
15	51	0.019945162505021707
46	76	0.019944036217549366
10	47	0.019940035408515633
8	44	0.01981454452548448
53	61	0.019681776897022885
64	78	0.019665737356270835
7	11	0.01954129823145953
7	39	0.019480925711872682
23	29	0.019438031764380248
3	69	0.01941074501942258
57	82	0.019347728448910917
3	81	0.019189447563492473
26	29	0.019171007676356155
37	48	0.019169682127830184
5	64	0.01916952462120669
23	35	0.018967720912696218
56	64	0.018941158345449627
24	59	0.018933717726934668
46	75	0.018874666391463235
13	56	0.018836520125877304
5	70	0.018778760080685464
40	76	0.018755666551577926
29	82	0.01858939372941948
10	24	0.018567172666390463
26	69	0.018548001077019316
58	80	0.018449206806078255
52	82	0.01838814646962994
16	62	0.018380653998678442
9	54	0.018335039953018162
45	56	0.018313363077568867
43	76	0.018170473867335807
44	76	0.01813598097222574
12	34	0.01809739982944536
48	82	0.018095344949935005
49	62	0.01805439037295342
15	29	0.018009281425252877
52	77	0.01794616005686739
53	59	0.017923784567918266
10	14	0.017906007015155656
37	49	0.017870718103953853
14	41	0.017857986289529115
16	51	0.017844250430463532
33	75	0.017777707265547754
14	46	0.017773873345655444
16	47	0.01768490585481655
1	30	0.017653656861244774
32	47	0.017616052717292552
19	23	0.01761388883378079
14	45	0.017571626085505943
44	72	0.01745730570362894
45	64	0.017430425246262538
36	39	0.017339948157823526
40	73	0.017324184215341265
68	80	0.017321586852228232
24	31	0.017318271259796736
5	36	0.017258641575905925
6	63	0.017188983138546277
64	76	0.017180988419976007
27	52	0.017170325065381797
3	48	0.01716782020059797
20	74	0.017135353815005916
13	70	0.01709709583386934
24	44	0.01700152813022668
42	75	0.01689118651310273
33	47	0.01684970509591674
7	75	0.016768079188079543
49	65	0.01673391001290203
48	56	0.01666811086647982
33	54	0.01663977436086328
51	68	0.01662253007047748
22	29	0.016549616918359766
32	62	0.016360397642073532
11	74	0.01626410994802102
19	47	0.01624386251915555
3	75	0.01621383958259001
31	64	0.016161613989345125
37	61	0.016105968495427114
20	27	0.01597485888562622
74	81	0.015900101454415394
36	75	0.015864464590705757
51	60	0.01574554028825087
34	67	0.015693521868186067
45	76	0.01565064443120817
23	54	0.015491873884201313
3	22	0.015460720464007371
37	50	0.015454069963083183
7	80	0.015393271973792477
24	71	0.015335094423004042
8	32	0.015289179184264978
52	61	0.015234556633684615
48	70	0.015160579137896035
7	61	0.015154674457891454
26	63	0.015145778530134213
1	51	0.015051516138000876
21	62	0.015010513226059008
38	46	0.01498239678145269
30	82	0.014956491024131505
48	57	0.014952250786404414
7	71	0.014917569053877228
30	56	0.014916637732081295
45	52	0.014915352134709459
19	56	0.0146494084479446
24	46	0.014559455338056915
5	72	0.014484580184721763
56	71	0.014462198357887784
14	47	0.014449099073446381
55	71	0.014422304837026334
41	62	0.014413045078326137
53	74	0.014385231072418958
20	32	0.014365666636189212
27	67	0.014325190402648957
36	72	0.014253075694896311
41	72	0.01422824129249542
15	71	0.014189701797819476
55	74	0.014168483167550427
54	69	0.014102159667295555
64	72	0.014099536244957994
23	36	0.01401847521237562
45	48	0.013981746983843885
23	31	0.01395302721224051
78	81	0.013944000667162393
21	32	0.013849623301002256
2	37	0.013762170456838668
46	63	0.013756531395472116
23	80	0.013694553363756079
27	37	0.013656014542723804
20	68	0.01360732507650031
10	39	0.013527409888252406
14	72	0.013257563511048287
21	24	0.01323047387102494
21	34	0.013210105028885366
20	24	0.013197475891331634
55	62	0.013175214393782081
10	60	0.013166712883425968
6	10	0.013144901186347757
11	23	0.013130537072853887
15	48	0.012997803815037817
11	14	0.012880335341705684
15	21	0.01284902058390297
1	50	0.012836757327625244
22	63	0.01272362476241512
49	56	0.012715660116228267
10	48	0.012687603436893874
19	42	0.012587552051284867
39	74	0.012504590650560005
5	56	0.012469905429873335
10	67	0.012422660036085331
66	80	0.012414600102296558
47	53	0.01230120466537768
38	74	0.012193331573861876
16	82	0.012119406443617975
21	54	0.012092749301091943
60	80	0.012088030904194386
4	46	0.012063929460655987
17	52	0.01203800769727692
68	81	0.012016223817422095
23	51	0.011989507724345011
54	76	0.011970897558182925
47	55	0.011911407159339277
11	40	0.011849224313993878
23	72	0.011847821089404603
9	16	0.01177829223598259
36	50	0.011777152080503422
26	50	0.011763206449515812
61	71	0.011704665918480406
2	55	0.011702995647983383
4	34	0.01168471701767998
30	74	0.011684028239334038
60	62	0.011676965716064414
12	19	0.011582139968235539
8	45	0.01152608290745949
7	41	0.011516492635937903
11	45	0.011499355984489923
46	70	0.011463483352886494
56	62	0.011461211717954223
73	82	0.011427603828681743
25	54	0.011419739805478502
54	74	0.01137013361577699
6	15	0.011367821513239673
44	75	0.011331582724654121
10	45	0.011316828876008767
32	78	0.011262443073347617
30	66	0.011165614382873806
16	24	0.011129535401833063
36	41	0.011125717957417569
3	25	0.011050045986939372
35	77	0.010993369896023536
35	62	0.010986965544509508
58	59	0.010920246992387805
1	44	0.010906383676895795
1	39	0.010892212559558821
55	59	0.010869512073551774
76	79	0.010831936415561294
60	74	0.010828929882303773
6	71	0.010815284028529826
21	50	0.010814932006312283
35	60	0.010767110837947153
14	40	0.010710601135121345
29	37	0.010685984533113368
1	79	0.010677956840559048
43	75	0.01058726313334804
46	47	0.010584753423114407
5	40	0.010564852470215574
55	79	0.010542484802403357
25	28	0.0105376165679541
45	71	0.01047882109332704
1	54	0.010471221338131366
63	68	0.01038893070082092
25	29	0.010358371223237017
5	55	0.010350867552163218
1	5	0.010343635974850114
27	61	0.010332800104259132
32	67	0.010279731617873988
9	68	0.010245290016778624
3	56	0.010163839959040355
19	78	0.010109507344581214
29	62	0.010039757403418226
51	62	0.010000906597402215
65	72	0.009797326252132837
23	33	0.009792829657929714
7	16	0.009737511485829992
7	43	0.00967148104293511
48	59	0.00966416534811354
16	78	0.00966202468054983
50	74	0.009636878600062015
10	66	0.00963033597395263
4	59	0.009566651496558803
52	53	0.009563213476775911
47	69	0.009479686315817581
31	62	0.009455762996357586
11	68	0.009438614847123605
1	55	0.009427102605314007
1	36	0.009370492669055243
70	72	0.009341036772244682
17	47	0.0093078084379708
37	82	0.009282672974373712
19	57	0.009216318530636092
60	66	0.009130165984945593
26	52	0.009117120810537449
28	73	0.009103010523555388
1	53	0.009029199696086641
77	80	0.008968439162928998
4	35	0.008923057844774485
65	71	0.008910668051740345
65	82	0.008882288138027883
20	37	0.008861331338139378
20	22	0.008817435621431224
9	55	0.00880997159968619
4	72	0.00879469219584017
25	40	0.008778790321615021
36	55	0.008665105425137404
36	77	0.008650179755397808
43	72	0.0085888000242334
1	33	0.008561929645237762
51	69	0.008500205027149432
4	16	0.008395797302722746
23	60	0.00838070627276366
61	63	0.008371902450861779
25	55	0.00836183297190618
36	43	0.008352589422578577
1	64	0.008310235925001727
30	65	0.008279031367306067
3	35	0.008190127569458278
5	80	0.008174043872533315
3	71	0.008117470575755709
45	82	0.008050881321188058
5	13	0.008000152036126418
9	49	0.0076997360199066445
24	74	0.007699563490005695
58	81	0.007650570584833261
5	23	0.007618681986370612
72	80	0.007607112690011492
35	45	0.00754658473174466
69	74	0.0075212356440725325
54	78	0.007400774298936513
37	45	0.007380489941421098
14	51	0.007333642196554746
55	63	0.007313826658923606
16	63	0.00730881280400314
72	79	0.00730876248979484
19	52	0.007219006723723331
31	67	0.007216746965296117
60	75	0.007178661957885968
36	64	0.007099113287886483
13	66	0.007040889673406214
10	59	0.006928866534869571
24	27	0.006918833739753494
60	72	0.006828529427937158
20	72	0.0068147649114937425
11	82	0.006793280322862721
20	66	0.006781789165404617
26	32	0.0067671066578355865
29	55	0.006669983115386691
59	81	0.006645489737552218
3	36	0.0065863120466451985
39	64	0.0064026246025060685
16	32	0.006315898003334486
62	77	0.006299555740607976
10	18	0.006294698553026723
15	23	0.006198646004394126
23	41	0.006191127609213726
4	23	0.006181249778278747
71	82	0.0061341777494391125
60	71	0.006110256159499561
15	76	0.006092470238350134
63	64	0.006086992810435843
56	79	0.0060606629767309406
4	53	0.006046546907607725
51	75	0.005998382837964555
47	64	0.005988817589886397
8	24	0.005981655354582532
49	59	0.005958984252897259
11	49	0.005949025655825724
48	68	0.005804758708326502
46	55	0.005795240878850638
53	70	0.00569182425300796
7	35	0.005650459865543439
41	44	0.005588784843752387
3	40	0.005575054007908614
32	63	0.0055482245405854
11	48	0.0055104930356668635
1	56	0.005477176387119469
2	41	0.005473650797841678
59	73	0.005462473206708507
76	80	0.00542638785070873
1	43	0.005418764459437786
30	43	0.005414400209984155
59	68	0.005353966462634752
46	62	0.0053521067190953064
39	81	0.0053462217855634875
6	75	0.0053287507148402635
33	35	0.005328494922872379
51	55	0.005321229605322275
23	78	0.005257321036259116
23	34	0.005237165212064632
52	68	0.005218066187730519
73	79	0.0052002866851032226
17	45	0.005154974423284775
1	81	0.005073802335245042
2	72	0.0050434784001222865
7	51	0.005033554659455819
2	10	0.004980833609447288
1	78	0.004909466389435478
8	33	0.004876795682001556
13	60	0.004874416483249294
47	68	0.004851590243370729
17	68	0.004847518395093509
11	21	0.0048050545865543914
20	28	0.004732720958572578
43	82	0.004707127886194387
2	69	0.0047066713133948335
51	57	0.004651508276402372
1	82	0.004623836652088736
17	77	0.004584357445666987
56	73	0.004479734861649626
5	68	0.004459573032033981
43	51	0.004448713057897541
15	26	0.004408592940337519
5	62	0.004406438654826844
41	68	0.004403973792233423
27	82	0.004398522622817508
28	49	0.004325915849404893
16	55	0.0042967153018243776
23	40	0.004284181826979844
25	36	0.004233886336524412
5	82	0.004216158378821985
54	64	0.004201323314794503
10	55	0.004164849339979848
50	54	0.004161199194768511
47	60	0.00415095175890115
27	51	0.004140041594385913
26	62	0.004139781567661205
26	28	0.004136645723383403
3	46	0.004100882574823134
57	66	0.004098253463280077
44	64	0.004062454523071191
28	76	0.004022187175755698
24	35	0.004003948281966763
9	33	0.003941445205660615
11	35	0.003919414920465103
24	37	0.0039128471585347935
8	34	0.0038895834399905738
25	78	0.0038877840542363984
24	65	0.0038677712064166536
13	75	0.0038419533452538623
51	67	0.003830895422269609
53	56	0.00382045763807351
9	38	0.0038003596917568494
8	80	0.0037400668658318925
23	61	0.0036868737835266674
3	29	0.0036586922689267054
13	78	0.003610589196023417
48	58	0.0035825438883284044
59	71	0.0035737717371397415
28	69	0.0035086501932916625
36	79	0.0034850079464879002
29	60	0.003447841238741256
34	71	0.00344461521468159
24	49	0.003412098699026478
45	53	0.003405981217615206
22	73	0.0033598748044405546
69	72	0.0033458987553315334
22	54	0.003168948224441248
4	64	0.003085061940321432
35	51	0.003047214077190219
17	30	0.003038653166816563
62	80	0.0029834739380510678
10	42	0.002975662308106475
2	23	0.0029230630596891183
16	43	0.002914041726745087
66	78	0.0028512891624911663
6	46	0.0028223767346523543
32	33	0.002821093823533849
2	62	0.002683516956359183
10	31	0.002633196828431328
41	47	0.002631338858092691
1	68	0.0026214146508441033
19	51	0.0025973274244719957
58	64	0.00259463911932567
48	80	0.0025134793977382164
35	49	0.002501846698068466
1	77	0.0024700746483053565
66	72	0.0023913062692390574
27	64	0.002376687963227042
1	35	0.0023687973254388275
36	73	0.0023497852631366167
45	67	0.002331602909066033
1	65	0.0023132305980609544
41	60	0.0022419642474673374
46	78	0.002219764800755031
64	73	0.002198194377118101
68	70	0.002115479695172784
21	78	0.002114796896447113
9	28	0.0020886244152276134
21	46	0.0020780327758473383
5	24	0.0020025810828568913
47	52	0.0019811597384005175
10	50	0.0019219739374736755
43	50	0.0018890571674179124
47	77	0.0017859884015348493
1	60	0.0017752153646224261
12	82	0.0017279256634469553
36	68	0.0016894156162131913
67	70	0.0016803162981503528
30	53	0.0016631860589012282
7	64	0.001641651950284484
57	69	0.0016354112249988284
41	74	0.0015692832204248774
7	77	0.0014762875381917062
9	75	0.0014374462228070872
29	64	0.0014277395384371672
26	37	0.0013751196775845798
5	21	0.0013492739946415477
39	66	0.0013108862202388383
31	66	0.001309903268367274
62	73	0.0012942134768109126
7	56	0.0012702781483430181
37	74	0.001261991891740144
8	35	0.001242387684629781
24	58	0.0011644955619186659
62	78	0.0011067364476165797
29	41	0.001079750622530351
58	62	0.0010633754055583977
35	67	0.000972108573448871
18	61	0.000830503675533556
18	31	0.0008163508490465765
22	42	0.0007822932890579892
65	73	0.0007318905002398624
1	72	0.0007268755214766345
28	42	0.0007164483599598204
9	30	0.0007139391247596161
20	62	0.0006972935283470205
27	70	0.0006746824047344502
30	78	0.0006337669901942122
12	44	0.0005817210937122952
65	81	0.000558892866651034
16	80	0.0004855815961991583
9	81	0.0003989086788537266
22	36	0.00037878166905774835
53	65	0.00036411026587651607
13	76	0.00036312101605340263
7	72	0.000327314053518879
53	78	0.0003186162236511747
26	53	0.00028841524654812933
69	75	0.00028681143378245233
1	75	0.000283063849477197
61	82	0.00024500482668279866
19	77	0.00023625144169198142
18	26	0.00019186586918229498
7	74	0.0001720679155786109
45	65	0.0001530295738174925
1	8	9.282985845281144e-5
21	69	1.133412165893466e-5
22	49	1.1809737663903697e-6
25	46	-1.8956999291108723e-5
40	74	-4.0739419019053535e-5
1	40	-4.9600796205306885e-5
63	79	-5.82145073628193e-5
55	73	-9.167912199864459e-5
25	57	-0.00010658125568022148
9	77	-0.0001369615889408038
30	38	-0.00021685708984089946
15	32	-0.00022430531285300148
14	79	-0.00023017393388419238
54	61	-0.00023601977311799027
1	7	-0.0002848665068219611
68	69	-0.0002994839316926845
21	76	-0.00039490391452545737
13	74	-0.0003986791648735999
22	60	-0.00040516488389263916
2	43	-0.00044718471993332454
18	35	-0.0004849942196370749
65	75	-0.0005331874712439788
4	79	-0.0005387157986457558
35	52	-0.0005535429159271299
47	56	-0.0005564968928543912
1	76	-0.0005633390145033182
21	64	-0.0005644736792114746
7	46	-0.0005679702553267885
9	40	-0.000622153190530994
38	60	-0.0006351891513752261
11	24	-0.0006761282643793498
38	62	-0.0006852192461132556
29	61	-0.000743741913221796
25	47	-0.0007492021108634894
41	70	-0.0007636310296756377
4	82	-0.0007885894171051622
8	70	-0.000814278618108899
12	41	-0.0008538954424029965
1	24	-0.0008567899543786492
52	56	-0.0008855909799853345
8	64	-0.0009098243385606275
59	76	-0.0009368991454394848
25	64	-0.0009488713760025802
42	61	-0.0009550645254848278
2	14	-0.0009635078614621262
15	78	-0.0009640144631238856
6	9	-0.0009761946299689239
34	56	-0.000976737574363895
3	68	-0.0009780281722719386
50	63	-0.000985191070731417
26	67	-0.001011287409112993
36	45	-0.0010212551733004005
24	32	-0.0010477079051788851
1	57	-0.0010932925422673656
1	62	-0.0011844455169816373
12	53	-0.0012360580341552185
1	80	-0.0012944838647615808
11	53	-0.001353856420677535
1	38	-0.0013601050729707131
64	75	-0.0013662680654424053
11	59	-0.0013751802099737365
52	65	-0.0013958539406709325
8	26	-0.0013969044501164207
48	64	-0.0014457191024122296
50	76	-0.001470527195124166
57	78	-0.0014745633944914793
31	63	-0.001505622515531102
64	65	-0.0015204490119020142
3	52	-0.0015227774986023845
26	56	-0.0015402181447251584
13	45	-0.0015606612491080307
6	62	-0.0015773977890104762
57	65	-0.0016120863803200935
41	79	-0.0017167190584195524
58	68	-0.0017696934506113426
27	63	-0.0017812147575759774
12	39	-0.001811871838896112
4	41	-0.0018576592330154518
8	68	-0.0019496354073973987
16	58	-0.0019904243442007696
40	62	-0.0020821556526225415
58	65	-0.0021066414191684424
5	30	-0.00211908713642589
43	53	-0.0021225043625968387
18	52	-0.002144222098143189
1	10	-0.0021806370908191847
17	80	-0.0022317152205833524
8	54	-0.0023109247469048078
18	32	-0.002319613224090855
48	71	-0.002413248499884113
33	43	-0.0024353138988057743
30	54	-0.002445222409620973
29	43	-0.0024655073019135554
25	71	-0.0024848528290801475
4	44	-0.0025050324643948463
32	40	-0.0025241862546998006
64	74	-0.0025609270666078765
10	70	-0.002658594548082427
39	73	-0.002668640159955854
29	32	-0.0026849580342944157
51	61	-0.00270409855567208
53	76	-0.0027476410595943246
1	9	-0.002772963838280934
43	79	-0.0027962280282428087
63	65	-0.002828744064967137
11	64	-0.002861234381016542
35	48	-0.0029327882205276434
5	47	-0.0029675206208200078
14	82	-0.0029804063789065915
42	49	-0.0029935385518812807
33	73	-0.003001470875568679
20	64	-0.0030204786507655457
30	61	-0.003047723860286483
3	55	-0.0030726262194442633
8	20	-0.0030858592956991004
56	66	-0.0030885945017077865
2	19	-0.0030966190046733677
50	64	-0.0031406648892919053
24	41	-0.0031450685283168633
1	25	-0.003153977857866072
36	47	-0.0031756765714233692
5	7	-0.0032240763735633393
8	72	-0.003237834836535447
35	72	-0.0033119400864927984
20	58	-0.0033159845882657635
6	36	-0.00332799873801079
54	65	-0.003330101477653641
1	41	-0.0033381000084033927
11	79	-0.003368631869798022
6	23	-0.003376080338457904
23	69	-0.0034998354644292795
20	75	-0.0035452103784535116
56	77	-0.0035486219632509808
2	60	-0.0035567472873146155
48	78	-0.003607054773184293
1	59	-0.003607136694790472
36	82	-0.003696112860765502
24	47	-0.00371348903423796
34	42	-0.0037261708487529854
5	26	-0.0037389541113229674
50	70	-0.0037572802101449865
63	72	-0.003846058345221559
33	53	-0.0038707255744988567
56	75	-0.003945897267774834
23	32	-0.00395422299061593
57	74	-0.004011089449096117
1	70	-0.0040148627501273015
59	82	-0.0040580090791218215
9	48	-0.004086585635441509
62	68	-0.004138840294788476
44	57	-0.004212970253115789
52	62	-0.004281378197835584
33	82	-0.004284223640945745
26	61	-0.004295945477845564
26	75	-0.004330681282233517
1	69	-0.004331474789824971
57	81	-0.004382743489738439
43	54	-0.004408841376451117
70	82	-0.004460432749533033
8	65	-0.004476334225817502
31	36	-0.004520307501486631
1	16	-0.004531976821487413
1	23	-0.004533563671700359
50	75	-0.004572724692111535
59	62	-0.004594260933727196
56	59	-0.004620761555473474
12	47	-0.004681406635341417
23	59	-0.004734008997946126
23	76	-0.004843254139700409
40	51	-0.004843723190618682
32	75	-0.0048711327092835766
21	31	-0.004928822636688757
45	79	-0.004939851856951255
34	70	-0.005016250951883849
5	66	-0.005030421144610386
10	43	-0.005091438519523317
29	47	-0.005103675683407499
31	75	-0.005116490637111448
2	52	-0.005128109027477068
8	59	-0.005183625332477015
3	77	-0.005191856463234029
1	45	-0.005213096939447555
35	82	-0.005299666309663581
17	43	-0.00534313815901305
41	77	-0.00550699302766175
9	78	-0.005540825430495833
8	75	-0.00556091070496359
25	72	-0.005567067474952919
2	57	-0.005576471394837884
6	58	-0.005591013622832652
1	73	-0.0056201424506704956
30	51	-0.00562447396577867
30	35	-0.005627701326376494
43	77	-0.005640101336652131
25	45	-0.005640219884999409
54	80	-0.005665184365225423
1	74	-0.005705366084561736
59	72	-0.0057386737839081325
20	38	-0.00579881484515582
4	50	-0.0059260681059834786
13	72	-0.005930391335283364
54	81	-0.006006825497080676
24	70	-0.006035718026233955
7	54	-0.006077190292711088
4	45	-0.006093773934388147
35	59	-0.0061231499529195155
2	27	-0.006130833471892999
4	29	-0.0061733632284041995
29	35	-0.006217233776482145
6	67	-0.006225728299385558
9	12	-0.006255174735590785
29	68	-0.00625639525415328
32	45	-0.006275272637969009
66	76	-0.0062830305988964275
27	42	-0.006294204718754082
26	47	-0.006301229451197404
5	15	-0.006312861855714502
16	65	-0.006315053754640143
39	79	-0.006365314244456466
3	23	-0.0063919785145998
3	12	-0.006393952581696893
43	60	-0.006406854314140065
34	79	-0.006411023324588178
20	65	-0.006440229179979551
3	57	-0.006485536629733862
2	56	-0.006506884532345436
30	62	-0.006515043350471761
1	46	-0.006618266384594354
20	81	-0.006623758070204766
17	62	-0.006744500473019721
2	39	-0.006830144593141213
16	36	-0.00685690619466503
10	32	-0.006901176413733223
59	79	-0.00697381677784345
5	52	-0.0069746516390603586
43	47	-0.0069890518808252144
31	52	-0.00698935613654994
1	37	-0.007014418435988018
45	77	-0.007043715422310054
27	36	-0.007051633544192137
45	75	-0.007093279487108278
31	73	-0.007096684514772467
36	67	-0.007125338219798938
6	22	-0.007131535579077253
9	20	-0.0071772564224991675
2	51	-0.0072598213134212886
5	51	-0.007280097354941867
2	12	-0.007314186538700751
55	76	-0.007400553699414419
59	64	-0.007455930563999347
4	31	-0.00745646609332018
7	21	-0.00746149792957293
4	25	-0.007560912450436524
1	6	-0.007594673241533373
27	78	-0.007632661679328356
2	33	-0.00763643342798942
5	60	-0.007640021033008065
8	46	-0.007692496010868022
45	55	-0.00773764138141339
21	41	-0.00775834171318851
1	71	-0.007766226680445645
76	82	-0.0077725532131657366
37	52	-0.007789548784710831
34	41	-0.007936172857931634
54	66	-0.007938833130868295
5	38	-0.007995302989339564
9	24	-0.008002241895045448
3	39	-0.008002755790300131
25	66	-0.008035629733805283
7	45	-0.008066814537717931
38	48	-0.008076284930833427
5	37	-0.008103411176699993
69	82	-0.008152078967214454
12	30	-0.008188337221964492
3	11	-0.008296272774417718
9	27	-0.008321059561031352
43	44	-0.008347814843704365
25	48	-0.008377497985285892
4	12	-0.008385800693124612
8	57	-0.008389241255139512
35	63	-0.008432043093101416
32	44	-0.008433739421475961
7	66	-0.008443770768408104
34	58	-0.008444322976002727
34	81	-0.00849542460900271
5	50	-0.008577661496806638
13	64	-0.008651760340563752
1	28	-0.008671905189655271
3	26	-0.008711195542117023
4	24	-0.008741044647224333
59	78	-0.008766473367578131
42	44	-0.008815581045332532
30	45	-0.008857803053448327
1	19	-0.008879964253292363
4	8	-0.008958277050515356
3	72	-0.00897529061011687
3	9	-0.009074933185765771
2	8	-0.009210254474347729
28	59	-0.009216311739257188
49	55	-0.009244153799519733
28	30	-0.00925780116346031
41	73	-0.009313698463093267
40	80	-0.009324760623571293
26	64	-0.009331719264851407
1	20	-0.00938450628866632
67	72	-0.009398772744625083
62	66	-0.009448856299724584
1	14	-0.00950681485894947
3	60	-0.009539669003890666
35	80	-0.009542599610139979
7	68	-0.009602557945854961
70	71	-0.009611941183760742
75	79	-0.009613565443774952
55	68	-0.009633274876026443
39	56	-0.009633487279472941
26	45	-0.009647438865262453
41	54	-0.009652319097470885
52	72	-0.009666057908392589
25	75	-0.009672412090758142
31	79	-0.009784777059955174
20	78	-0.009809016502219353
55	66	-0.009813755040391448
22	75	-0.00984017131948206
28	35	-0.009883285632424244
1	52	-0.009917348605530098
75	76	-0.009981064682223706
25	34	-0.010005169518691348
24	36	-0.010015467153547702
7	17	-0.010043518208025237
20	25	-0.010048686255824252
22	52	-0.010063085594656629
29	40	-0.0100908914656197
3	63	-0.010110819406410204
76	81	-0.010126460761822303
22	62	-0.010139698649299644
9	57	-0.01016276903708091
41	65	-0.01018603333148932
14	78	-0.010229037057403856
31	40	-0.010288478261608835
6	55	-0.010353528937018075
35	66	-0.010363492298840815
53	63	-0.010383165908958325
25	60	-0.010408982518587906
3	15	-0.01041467261598139
6	47	-0.01044178462515874
42	82	-0.010474792639061814
38	51	-0.010496025537102605
7	44	-0.01051021408481509
34	74	-0.0105102328773381
43	55	-0.010512223707589113
21	51	-0.010515972073278729
15	42	-0.01051618409207472
6	60	-0.010564880492901274
8	40	-0.010569524571209549
7	70	-0.01061570135624157
6	25	-0.010617042531291948
10	26	-0.010618691492211618
40	56	-0.01063301995086316
14	55	-0.010674728135459749
34	50	-0.010678467875538056
1	26	-0.010706484689165179
62	82	-0.010810396301062494
45	50	-0.010900865793423059
10	68	-0.010923447213238846
16	44	-0.010933540905219447
8	43	-0.010940770329282062
3	19	-0.010987999765831064
1	21	-0.011004145136740709
48	76	-0.011004883415056815
58	73	-0.011037114870903031
15	47	-0.01112772895090175
17	40	-0.011138129208241032
1	29	-0.011156355421804529
24	56	-0.011166997446348303
43	81	-0.011225125106171352
38	78	-0.011237852604183113
5	27	-0.011239753852547163
40	71	-0.011256095851728931
6	69	-0.011268728642551684
34	38	-0.011272956941188295
52	64	-0.011282459499855568
6	38	-0.011304830138151367
1	15	-0.011312296827186263
65	67	-0.011312507620099721
12	72	-0.011339020492414309
12	76	-0.011348341142430995
20	26	-0.011373636054997027
46	79	-0.011413725257724883
8	79	-0.01142576416042071
59	75	-0.011450129612302962
1	61	-0.011451224665760568
12	37	-0.011513400057969636
9	80	-0.011523506409178874
52	75	-0.011543791154072669
7	76	-0.011571319540260083
9	79	-0.01160844723297097
34	68	-0.011667448120488755
17	26	-0.011781508031346366
15	45	-0.011831255070592628
13	62	-0.011852747929712248
2	26	-0.011854795528434742
16	29	-0.011880011045232841
1	58	-0.01188400638186772
70	78	-0.011905425258541602
36	65	-0.011917412475351719
6	77	-0.011942202833073817
19	49	-0.011951295802145656
35	55	-0.011974665434095061
7	49	-0.01198639111977537
30	68	-0.011996550624792296
10	44	-0.01200970747158489
55	80	-0.012029102908761136
17	37	-0.012078568547250979
40	72	-0.012113935819571792
4	81	-0.012125187599862974
41	64	-0.012126378272320326
26	73	-0.012126612717848595
30	59	-0.012173828416222943
38	79	-0.012176074480647642
9	61	-0.012205507372952507
24	75	-0.012237002336364544
4	57	-0.01224359624888366
51	58	-0.012246734243803375
1	11	-0.012256641237747522
23	44	-0.01228832058748458
13	46	-0.012319178536486591
37	75	-0.012321175479219737
48	72	-0.01235366232631735
41	63	-0.01238552528303788
40	65	-0.012401124879727665
48	62	-0.012458790272637632
35	43	-0.01248091487955677
33	50	-0.012514129421830722
12	64	-0.012535993990044292
6	54	-0.01259497903938675
27	68	-0.012615208722724869
39	70	-0.012688700822837629
39	51	-0.012743232750860561
12	55	-0.012799098229619582
1	18	-0.012821022814520501
7	32	-0.012821654385240772
74	82	-0.012827313836292153
23	67	-0.01287281692913872
22	55	-0.012949874544606887
1	12	-0.013006446538055078
40	75	-0.013017486788576366
7	82	-0.013077712588327683
8	52	-0.013156188026524684
29	39	-0.013255999228864751
16	79	-0.013262244776524712
61	77	-0.013329031471535913
26	55	-0.013339393826359985
2	78	-0.013339596408287413
17	18	-0.013375587184192073
55	61	-0.013388156208875651
17	64	-0.013388934572419853
57	76	-0.013442874948620093
20	29	-0.013451913259099835
14	36	-0.013487266812593268
18	67	-0.01350126684414299
3	47	-0.013527199008322055
36	80	-0.013539965734040427
13	69	-0.013586369079234523
43	66	-0.013646429371185514
35	37	-0.013650344936668057
31	69	-0.013662987145768413
6	53	-0.013682209433469067
71	77	-0.01375888863652125
38	77	-0.013774000284826393
27	74	-0.01382560821490969
44	61	-0.013868270909298708
36	78	-0.013889436587098264
43	62	-0.013924283257878978
47	66	-0.01394160715957965
5	43	-0.01395015642984429
68	82	-0.013967958789565305
63	80	-0.014021307889568013
58	78	-0.014034560548551567
47	76	-0.014045282479674348
8	51	-0.01404836987751587
27	72	-0.014105587452445945
53	79	-0.014187935803975593
10	78	-0.014191198441140085
20	80	-0.014197412129870302
5	59	-0.014213271871175631
1	63	-0.01427421564306769
7	13	-0.014282232735841602
2	75	-0.014369783743860581
28	65	-0.014382671060859942
40	53	-0.014383570836502824
35	56	-0.014419758941271843
72	82	-0.014427953326349302
7	29	-0.014449297317364163
2	35	-0.014510235171493718
46	65	-0.014529771663609692
16	39	-0.014556759924399282
26	76	-0.014595483105345891
36	56	-0.0146026684524376
6	30	-0.014615083647462668
5	63	-0.014631098359749961
6	65	-0.014634082758141015
31	45	-0.014638252804496488
32	50	-0.014664116920448222
1	66	-0.014728078059105455
33	58	-0.014739661711231533
7	67	-0.014754802000944284
1	32	-0.01475510742806306
39	82	-0.014763089888729805
38	80	-0.014764052155386065
38	54	-0.014768860672887796
54	56	-0.014808148539750099
61	67	-0.014813232752397432
6	50	-0.014824074393677694
25	56	-0.014850134005731569
33	51	-0.014894472887376164
19	24	-0.014909417572012057
14	70	-0.015038058298652068
7	40	-0.015059604076946731
1	67	-0.015096184358420847
4	78	-0.01513701512937013
3	67	-0.015174748822641027
3	59	-0.015247023477337862
9	21	-0.015293838688295425
22	68	-0.015324371962328387
50	51	-0.015347851056670997
29	54	-0.015372779136362397
2	28	-0.015383940004658148
15	46	-0.01544062132794044
26	65	-0.015452808450443889
69	70	-0.015468107645461582
24	76	-0.015477704781373225
61	76	-0.015494932460520472
42	76	-0.015590393484787468
9	70	-0.015651377628427443
44	47	-0.015655589252622365
15	35	-0.015661022835115224
10	74	-0.015686716261734845
50	60	-0.015731795175514013
1	22	-0.015731994087992467
9	74	-0.015753219881434133
7	48	-0.015776258929343853
21	60	-0.015806404557803022
42	53	-0.015812646773445904
35	73	-0.015859489843094265
4	9	-0.015869311905360034
26	68	-0.01586947916271142
15	69	-0.01590842657897279
48	75	-0.01605569811947974
20	47	-0.0160571744843791
1	34	-0.01608279518886581
8	82	-0.016115336758099216
4	69	-0.016138031842209216
40	82	-0.01616813883732196
4	55	-0.016177652322691027
24	66	-0.01620621574116568
24	33	-0.016224954144627296
28	39	-0.016226289629962254
65	74	-0.016282873886434318
46	82	-0.01633484719341466
4	30	-0.016340838703057914
10	79	-0.016351557948241863
44	77	-0.016381886559016012
7	22	-0.01639267254790988
64	79	-0.016400984022239773
42	80	-0.016498257968615426
6	56	-0.016557482946313623
71	73	-0.01655758795011253
7	73	-0.016563488797182335
4	33	-0.016627687186766105
1	49	-0.016635657514693244
64	80	-0.016647789577061645
41	78	-0.01668134197705126
5	53	-0.016718807562760313
28	38	-0.016752788520517536
15	38	-0.016811478319937512
38	82	-0.01686455246110477
19	53	-0.016930784635828144
18	69	-0.016966797683592494
60	78	-0.0170713648039561
23	38	-0.01708640006671902
61	68	-0.017090575692687293
70	79	-0.017183246392876383
44	55	-0.01728568764799035
4	54	-0.017331157809041542
19	68	-0.01733240038126177
34	80	-0.017335018768112276
30	69	-0.017358319515315496
45	68	-0.0175231067659348
36	54	-0.017551580079210954
49	79	-0.017588348042349572
8	16	-0.017621253967907757
18	24	-0.01766055277748077
31	55	-0.017669607862419362
5	28	-0.017676801207665932
29	66	-0.017692541968689135
46	48	-0.01771853862608519
28	48	-0.017773075177750813
50	82	-0.01779421325901326
19	81	-0.017824995162881496
38	66	-0.017826414158948534
8	62	-0.017874391387975752
30	81	-0.017921955512155474
34	54	-0.018053105267418906
6	11	-0.01808489996942736
18	36	-0.018086097953084218
21	42	-0.01810809482026776
42	71	-0.018119101041561614
31	35	-0.018211281634636867
56	81	-0.01822751238171283
8	78	-0.01826986780222567
10	19	-0.018270768495466716
38	55	-0.018282405412263614
32	56	-0.01836622535032842
42	60	-0.018371633469836057
34	73	-0.01838021869947626
40	70	-0.018381066694115433
1	17	-0.01841425628831643
41	59	-0.018446750926965627
7	60	-0.01848121467966507
6	64	-0.018489058935557162
51	74	-0.018499788062813244
65	69	-0.018508523513980385
7	63	-0.018521330332359837
20	23	-0.018529577916549467
8	13	-0.018554245989338553
15	16	-0.01856101096167706
32	55	-0.018622467850415214
20	76	-0.018631410501961848
19	67	-0.018736365727438253
67	82	-0.01875167861179952
21	36	-0.01877250772306474
9	62	-0.018846193175150378
21	40	-0.018900296003105777
63	73	-0.01899525081300396
36	76	-0.019054489998273638
50	57	-0.019089241969931392
29	71	-0.01929684742437915
24	45	-0.019300298978389252
39	53	-0.01930459220050615
25	81	-0.019393314828472813
4	26	-0.019434508325246458
46	73	-0.019472206857541363
38	64	-0.019483886746155477
40	79	-0.019590837568704167
8	60	-0.01965398229031798
35	58	-0.01969579948787889
44	54	-0.01972608558390479
3	41	-0.019752963871423695
22	59	-0.019768862898485673
34	51	-0.019775473482417177
59	70	-0.019795931227800934
51	77	-0.01979664102496992
30	76	-0.019862280980255165
39	55	-0.019864211521480574
60	79	-0.01987885954450444
34	57	-0.019890159482691183
35	36	-0.01989582498591802
11	18	-0.019922777164923355
6	70	-0.019924758580067925
25	35	-0.020006154786821828
7	69	-0.020026556569317427
12	68	-0.02006130914621279
8	71	-0.020074383452094446
6	19	-0.020111327078407515
7	79	-0.020164523404076595
14	33	-0.020188631965304182
49	69	-0.020228204494909863
38	58	-0.02028178903290151
24	63	-0.020301417503525515
65	70	-0.02034054979054853
26	38	-0.020372585644900465
19	61	-0.020385520905801424
31	33	-0.020390297943469804
48	52	-0.02041104772856739
3	82	-0.020532720132210303
50	61	-0.020565581300568125
5	39	-0.020642738523353882
53	82	-0.020723918836102834
24	82	-0.020739033931044024
28	57	-0.020782405292465056
55	64	-0.020795399576056056
18	51	-0.020807704779813335
32	76	-0.020820502926933937
23	56	-0.020874754684555852
26	57	-0.02090017757274204
20	45	-0.020936921304453876
2	79	-0.020954427730120073
50	72	-0.02100653778283354
5	12	-0.021036750477427424
4	76	-0.02109881031426003
10	82	-0.02112406162002059
32	73	-0.021125148856545595
8	76	-0.021158173964650667
9	53	-0.021196279396282186
45	57	-0.02122719990228436
36	57	-0.02137148461854832
3	51	-0.02142957910404336
13	68	-0.021430541529899774
10	64	-0.02155623732712114
43	56	-0.02155730363113864
65	78	-0.02157119471434818
3	32	-0.021584185094656094
8	69	-0.02166462642383704
2	65	-0.02166591342277774
11	28	-0.021670234660101595
33	65	-0.021743813758146407
2	54	-0.021765161989818677
52	66	-0.021773027103278608
45	78	-0.02180054628549241
40	68	-0.021807459967434578
24	60	-0.0218187002212982
7	23	-0.02184169887838433
1	42	-0.021861166585504174
45	47	-0.021901696557626776
10	40	-0.02192086918964692
31	72	-0.021969157327017208
5	20	-0.021996615892744764
44	65	-0.02202507712164331
2	53	-0.022057361260852393
24	69	-0.02208000786219616
42	70	-0.022111327035871653
62	76	-0.022136214088818523
39	72	-0.02214484196654659
4	68	-0.022180311956668114
45	73	-0.022249529229068116
10	69	-0.022262714932945515
55	70	-0.022293469956371492
26	51	-0.02237531550605007
8	31	-0.022391844691065976
34	44	-0.02239252625618135
17	60	-0.022438539691954862
5	34	-0.02245395654213514
11	13	-0.02246671609092321
14	22	-0.02251387686257017
25	62	-0.022516090954817963
2	15	-0.022526398308531814
7	26	-0.022532557615575904
18	76	-0.0225599317409918
74	79	-0.022564698338009337
37	67	-0.022568342068305436
65	66	-0.02257671396864147
25	50	-0.022584210130554533
3	13	-0.02263813675100021
3	74	-0.02266344462645853
18	55	-0.022713820539283835
15	72	-0.02274485371661822
14	80	-0.022766809567384916
21	75	-0.022769380145499563
16	59	-0.022788602145808134
8	42	-0.022814696178124483
33	74	-0.02282190927528871
41	81	-0.022971907468563785
20	59	-0.023007784346699367
49	58	-0.02306720552042807
1	27	-0.02307322581513474
8	77	-0.02309220673370374
7	18	-0.0231269306956339
13	57	-0.023185129314202857
16	54	-0.023185248508646117
15	75	-0.023192605522422582
38	72	-0.023194670661006778
28	74	-0.02323095897038513
26	59	-0.02324955853614194
19	29	-0.023249607883647883
37	69	-0.023261718072241644
5	81	-0.02328301770032551
40	69	-0.023304858820444835
34	55	-0.023320575086728024
13	71	-0.023334527995566595
46	72	-0.02333705651218923
28	78	-0.023342056159765034
4	11	-0.02336392193267786
19	33	-0.02336768561205599
49	72	-0.023372129517308438
24	62	-0.023403138489235753
20	61	-0.023527393375952166
5	79	-0.023618876149676865
6	81	-0.023675364438780544
5	11	-0.02369545602051598
42	68	-0.023699505811568322
6	20	-0.023772291744212026
26	80	-0.023794409756808133
15	52	-0.023807464263481737
40	47	-0.023828053179734465
50	59	-0.023880640198158054
49	63	-0.02390593862349777
5	54	-0.023931922790734222
26	48	-0.02403539961025203
9	51	-0.02404963760660317
29	78	-0.02406328697625848
5	67	-0.024069105756186843
25	65	-0.024086686145191133
12	29	-0.02409531163744827
68	79	-0.02410513077472054
29	69	-0.02410874835934962
16	20	-0.024109773114252553
9	63	-0.0241777781445372
10	29	-0.02426606977308915
46	81	-0.02427680523798595
10	72	-0.02429761996028182
25	82	-0.024363585575539165
15	30	-0.024381624910878807
27	31	-0.02439011580079553
39	75	-0.02449041243426406
7	59	-0.02452750520371666
16	25	-0.024563761161544795
10	49	-0.02457694311702935
6	45	-0.024635485760588494
45	60	-0.024637436513836625
58	72	-0.02467122814258141
3	64	-0.024753521481513607
2	80	-0.02483409479794335
4	75	-0.024889684804742213
39	59	-0.02489420553322197
21	72	-0.02492566867865284
44	68	-0.024928896575603265
30	36	-0.024936155937478888
46	52	-0.024971416468932084
7	78	-0.025011225331096842
9	29	-0.025088224882086507
10	35	-0.025138853742801864
21	61	-0.025187283216441203
46	51	-0.025203126204257603
34	72	-0.025294145622716868
34	60	-0.025325610988133018
42	73	-0.025337934004265872
28	55	-0.025362421821562536
13	41	-0.025383790101171422
10	77	-0.025390065342784596
32	38	-0.025406300356360045
2	59	-0.025446188298588024
38	81	-0.025451716495697913
1	31	-0.025541046099316643
13	80	-0.025574986290796936
40	54	-0.025637710482904225
3	73	-0.02567891168348191
24	64	-0.025692479816465885
70	76	-0.025784543787751524
9	60	-0.02581436567796097
29	65	-0.025828471886790133
4	56	-0.025830559372513967
19	45	-0.02589232267781444
54	75	-0.02597063639232544
51	71	-0.025993170201673493
12	24	-0.025997287797260127
2	40	-0.02599843869407259
29	72	-0.026028647971437918
23	57	-0.02605317868407908
34	59	-0.026074861436649
33	61	-0.026142677593066932
19	50	-0.02614271993646794
3	65	-0.02615206735776615
55	75	-0.026169383392929263
7	81	-0.02627250657840524
24	48	-0.02628037132637366
35	69	-0.026317004295656865
16	23	-0.02636210439277714
3	27	-0.02639902168913824
43	58	-0.026399721083369132
31	74	-0.026460818903848493
51	65	-0.0264804246026914
14	71	-0.02649709344978496
11	27	-0.026564367774259634
41	58	-0.026680773067285224
24	57	-0.026685715741191107
17	39	-0.026710684650806005
3	79	-0.026727017911655604
66	79	-0.02673371218170062
23	68	-0.026779630399106774
25	76	-0.026835351851658973
9	42	-0.02683832494554994
60	65	-0.026842813435517726
38	59	-0.026886729948165378
4	49	-0.02689751516754471
7	47	-0.026907013557263534
38	73	-0.026912776196508004
24	78	-0.026927713723159136
40	81	-0.026934019835762046
5	48	-0.026950054889978772
6	33	-0.02697764741725786
24	81	-0.027007328776487982
43	80	-0.02700950708955263
8	25	-0.0270403248837828
23	46	-0.027042777877891444
68	77	-0.027082054339324507
43	65	-0.0271073470728794
17	81	-0.02711536095913214
31	41	-0.027127847473092048
31	56	-0.02715364488950034
15	65	-0.027181895003178358
41	52	-0.027266058984379116
23	30	-0.027296335711201686
55	81	-0.027322975748438727
32	43	-0.027367719513531785
39	67	-0.02737135860756812
43	64	-0.027393745259497865
47	72	-0.027437023686254558
14	66	-0.02744404558778718
37	68	-0.02751997293921199
2	68	-0.027560332129016818
3	44	-0.027570333404808522
32	57	-0.02759865642413073
23	55	-0.027606066156170672
10	38	-0.027620263016372992
10	62	-0.027642871575344174
42	74	-0.02769409149461388
3	53	-0.0277526911525188
40	52	-0.027812031227246847
15	40	-0.027828717340421805
67	73	-0.027832768826860144
22	76	-0.02785542186302234
23	62	-0.027906258940669726
71	74	-0.027965344913278234
7	20	-0.028002291698789344
41	51	-0.028038835255252137
52	81	-0.028085649357496495
51	73	-0.028099318853401972
32	41	-0.028099952438731646
6	17	-0.028174265416287148
21	66	-0.028215521949684796
33	66	-0.02822641718954247
5	25	-0.0282547358234517
22	33	-0.028261221444369433
13	52	-0.028274950738475357
77	81	-0.0282829881049646
8	63	-0.028328900714303218
42	69	-0.028444330312216493
9	69	-0.028460064302814253
28	34	-0.028460693731086117
53	54	-0.028507329438090118
30	77	-0.028536995622939237
7	28	-0.028574704834505305
43	52	-0.028634951377889295
29	50	-0.028685295176643588
35	44	-0.028739789633226903
57	75	-0.02878708833547103
47	62	-0.02883123240767524
20	34	-0.02887259485304483
53	68	-0.028896734531344115
9	82	-0.028919424279654424
25	52	-0.028948231635374494
24	29	-0.02901691758407629
23	75	-0.029100542108933425
12	13	-0.02914257026386541
55	60	-0.029234532708762168
22	51	-0.029236805815576028
42	66	-0.029268321715077816
25	80	-0.029322206061777156
41	46	-0.029353393191850208
17	51	-0.029391812957230534
20	57	-0.02942231775970988
24	52	-0.029512835410351324
39	47	-0.029516467945810268
17	78	-0.029533415208461755
16	37	-0.029543001051650863
15	81	-0.02956517048760543
10	33	-0.029607514760040088
24	28	-0.029616315292606
71	81	-0.029623556872723056
32	77	-0.029623625237193862
59	69	-0.029646443453571786
2	49	-0.029655373648142802
11	41	-0.029669696558902003
27	50	-0.029723261850164107
19	46	-0.029784349923717868
61	80	-0.029795961228667678
7	57	-0.02981524109920336
67	78	-0.029846677752250833
20	52	-0.02986834306384617
9	46	-0.02989700884592905
33	59	-0.02990526638109689
40	55	-0.029918141632720857
20	82	-0.029918699576164012
26	74	-0.029939767076685775
12	42	-0.029960658479218805
64	70	-0.029999470324419963
3	43	-0.03003774554587363
36	71	-0.030057999516822864
10	23	-0.03005838175250669
59	74	-0.03011700353683089
37	58	-0.030185378065159196
20	49	-0.03019009347542384
42	72	-0.030240565040030476
25	63	-0.030257196690704452
9	44	-0.030311329936975023
14	75	-0.030328899357762118
24	40	-0.03034819385294593
21	30	-0.030367890804646386
20	41	-0.0303732869130931
23	52	-0.030413480273103338
9	58	-0.03042883433731236
19	80	-0.03044738834883609
34	76	-0.030447493644849638
58	76	-0.03046382854926344
20	31	-0.030510139882114318
9	47	-0.030536471181475233
14	65	-0.0305525393348563
25	77	-0.03062119285293924
18	56	-0.030650398158337117
25	44	-0.030675318095213094
31	68	-0.030692338332532543
21	74	-0.03069517116745557
53	64	-0.030708105374382733
18	33	-0.030715211591955893
6	78	-0.030733477591296632
65	79	-0.030818767672015718
13	67	-0.030848484668165588
35	54	-0.030894696979069658
12	59	-0.03096801738586702
30	64	-0.031008074714055867
4	74	-0.031060667958576482
5	61	-0.03109681387370658
54	63	-0.03114699792406367
17	38	-0.03127758456632618
44	62	-0.03128724829335075
21	28	-0.031331467211558606
7	53	-0.03148439140147832
5	18	-0.031505559645237685
43	46	-0.031531357657099524
8	66	-0.031575275041957396
17	59	-0.03159819676153003
23	82	-0.031609689505323904
11	56	-0.03163528326398474
14	31	-0.03172767289868761
5	49	-0.031738082276952295
5	10	-0.03174151859827387
65	77	-0.031742075625840444
25	51	-0.031758019735869086
17	50	-0.03181040445895483
14	57	-0.031840987297696854
30	37	-0.03184335284983561
14	61	-0.031890731795499005
39	78	-0.03189238262771796
21	73	-0.03198410580385963
11	51	-0.03198651649299225
15	64	-0.03200889756420727
34	64	-0.0320111514824975
18	60	-0.03202205554600146
7	50	-0.03208310140720502
33	55	-0.03213567623639643
4	62	-0.03220718039832407
29	52	-0.032210218124162415
59	80	-0.03228302862945692
75	81	-0.03231552307963814
16	30	-0.032326197465527035
56	67	-0.032344856105103764
35	65	-0.03240287228698027
21	33	-0.032441031507700946
17	44	-0.0324587543566916
22	57	-0.03254232861606571
13	40	-0.0325765489299045
7	55	-0.03260946942165288
15	58	-0.03263419843634996
25	70	-0.03264151181656624
28	68	-0.032642708140765864
46	80	-0.032698677760730266
28	46	-0.032733894894494686
35	41	-0.03278868846511737
44	78	-0.03281909678583855
20	56	-0.03285876934493595
20	79	-0.032873099380009846
44	70	-0.03290011415325639
58	75	-0.03290169200130827
30	31	-0.03290709245853124
55	77	-0.032943375245138296
37	81	-0.03294534449684183
25	69	-0.03301482906812517
29	48	-0.03302727124771357
48	69	-0.0330281283891454
6	32	-0.03315035873730787
22	74	-0.03330861911871619
34	39	-0.03335091022718312
17	75	-0.03335397057882339
31	38	-0.03335938486732387
15	44	-0.03336467867365889
53	75	-0.03336907762115679
40	60	-0.03337446826437038
38	57	-0.03338670510487757
25	53	-0.03340942921790968
5	41	-0.033410899492066104
21	79	-0.033414431850105036
45	69	-0.0334270155715177
57	80	-0.03343047752062919
51	78	-0.03350005697320055
31	80	-0.03360063057775803
37	59	-0.033710040542173136
23	81	-0.033735854002156895
18	81	-0.033746030420089
39	80	-0.033752899509999185
10	22	-0.03378776792417071
21	47	-0.03391333170669064
43	69	-0.033968587355414054
34	69	-0.03397425487155559
24	43	-0.03398018391043192
47	80	-0.03400351312338626
4	66	-0.03406264442334925
51	64	-0.03408599815820193
50	62	-0.034116883379496865
31	59	-0.03416044474849955
49	50	-0.03428534279523732
62	63	-0.03431196742306852
3	58	-0.03431782749787582
37	44	-0.034330101873825264
13	49	-0.034374917014050294
57	73	-0.03439443061597111
50	65	-0.034397084813546364
33	36	-0.03440301445488164
9	73	-0.03440794376026185
3	10	-0.034433834555125054
11	17	-0.034450373641411236
22	58	-0.03451580827084788
3	62	-0.03452439870945523
28	47	-0.034536993405713784
3	16	-0.03454230443870043
10	34	-0.03455867357339831
18	80	-0.03457401236772334
5	58	-0.03458857902084561
18	34	-0.034606632794285996
11	54	-0.03468208733591638
45	54	-0.03469042580541401
48	65	-0.03475093186440928
23	37	-0.03475670835939332
16	75	-0.034802867443102875
15	25	-0.03483250069803359
67	75	-0.034856593777598754
3	70	-0.03486020342381241
26	36	-0.03489336447777375
14	18	-0.034948276150125024
2	70	-0.034952749904613445
17	57	-0.03499189317190643
48	49	-0.035013480239703576
18	46	-0.035029341270521874
32	39	-0.035133722446183596
5	31	-0.03515933612264607
26	72	-0.03516346233089632
50	71	-0.035236632317696276
47	59	-0.03526846449050536
30	34	-0.035294569142837184
25	38	-0.035298427552557826
12	40	-0.03530333766921151
4	19	-0.035305305726853614
9	25	-0.035387578492417804
8	58	-0.035417158712116203
27	79	-0.0354451401303503
61	78	-0.0354785364513549
35	74	-0.03554436881582909
29	79	-0.03561222560158164
45	66	-0.03564967149292586
5	29	-0.0356636772569493
66	73	-0.03567632585039432
7	25	-0.03567744086926419
45	58	-0.035698065591693806
21	56	-0.035716466168221245
15	50	-0.03572872410776606
50	52	-0.03587079574946078
51	63	-0.036032726033052576
3	31	-0.03605792560097262
29	57	-0.03605843959581162
16	76	-0.036077051698560125
2	46	-0.03612204427406987
26	78	-0.036131877426633596
49	68	-0.03614352246362662
62	79	-0.036179789505924154
6	37	-0.0362098342261758
32	52	-0.03631221561097925
22	72	-0.036317660203890656
39	68	-0.03634562662106022
22	78	-0.03638543163306518
46	54	-0.03639114382528591
2	34	-0.03642494700294435
66	68	-0.03645171884128104
7	62	-0.03646184901560445
24	51	-0.03649262311635776
14	76	-0.03652599295439521
29	44	-0.03653410742221935
16	72	-0.03662160067956294
10	13	-0.03665296441704197
38	56	-0.03665337340042693
4	51	-0.036675795270410066
28	56	-0.03669001878262812
44	60	-0.036719342325686855
40	44	-0.036746970611084534
18	78	-0.03674996905818573
25	73	-0.03676118375708842
10	25	-0.03679306178007702
8	21	-0.036810570460500625
21	82	-0.03686869144566747
9	71	-0.03689152053232461
67	81	-0.03696448049409909
53	66	-0.036976240901975516
4	67	-0.03699686535610547
57	72	-0.0370049801075632
40	48	-0.03701567960650916
13	73	-0.037035086851371274
45	62	-0.037049830027563346
40	66	-0.037125329832873116
21	52	-0.03715677464188738
8	22	-0.03716099488852237
38	49	-0.03724386828378279
8	47	-0.037300685206400286
2	38	-0.037320894855861875
55	67	-0.037333088770845346
2	20	-0.037341380256113416
11	46	-0.03738646685259922
19	82	-0.03741157554906177
13	29	-0.037438793674718085
24	53	-0.037440566585991625
38	68	-0.03744599567419957
13	61	-0.037472155890327624
61	73	-0.03747685668046874
16	42	-0.03750886646843321
51	70	-0.037518139888579966
18	71	-0.03761893106442993
28	54	-0.03762530012049445
22	56	-0.03763772640532187
30	72	-0.03764465447297288
2	32	-0.03774764002176975
31	47	-0.0377650923701259
32	48	-0.03780294883203161
2	64	-0.03783664557034078
67	77	-0.03785459173939992
13	26	-0.037860857848077176
30	60	-0.03787231769312008
32	66	-0.03796269302021493
29	38	-0.03807248806504143
49	71	-0.038075214504912525
42	67	-0.03808009681417723
13	15	-0.038096325653291685
39	54	-0.03817477479577416
24	72	-0.03819270108555908
50	81	-0.0382101683820531
9	59	-0.038263491023447116
47	70	-0.038328170219267294
35	81	-0.0383884755755349
63	77	-0.03839867123128704
18	82	-0.0384635134997508
38	45	-0.03849704982826707
66	81	-0.03851873674603734
7	34	-0.03852203346329572
9	31	-0.03852349429918117
9	34	-0.03854569333727981
34	66	-0.03856192264033248
74	78	-0.03856192749568446
3	17	-0.03856881183367247
9	13	-0.03857791037179539
3	66	-0.0386460348726545
62	70	-0.038726311728369406
15	43	-0.03873211350541364
37	79	-0.0387386275053217
8	55	-0.038742775623464704
12	48	-0.03874946037601623
2	18	-0.03876432216577036
41	82	-0.03879686816623086
36	63	-0.03881769340301505
46	69	-0.03885216994441787
18	40	-0.038944337878876606
58	77	-0.03896672541934709
53	77	-0.0389815259363098
53	60	-0.03903548809518223
10	30	-0.03905514271528493
22	41	-0.039099745713636114
41	71	-0.03911307654977275
12	33	-0.03911852361451623
3	24	-0.039138821745162145
8	61	-0.03916875113736962
7	31	-0.0392095702256281
34	47	-0.03921824038418162
17	71	-0.03924330412919108
25	41	-0.039248250549844904
4	27	-0.03934832927708087
34	75	-0.0393591072556001
37	72	-0.039365606782420376
2	21	-0.03940254721505812
23	74	-0.03942128943659309
24	54	-0.039427040233857846
64	77	-0.03949348006441278
38	75	-0.03961704039507294
39	69	-0.03962170561954664
27	41	-0.039640972054322876
56	74	-0.03969577968304691
12	63	-0.03974022522867732
19	65	-0.03975514983610723
44	46	-0.039877433242219706
23	28	-0.03995428311017088
26	34	-0.04002864855750343
36	51	-0.04003138250993285
34	61	-0.04006363082193465
17	79	-0.04006656053482094
54	59	-0.04014248883039345
11	22	-0.04021546954265898
2	61	-0.040321326978541766
18	73	-0.04032349741849822
34	62	-0.040378079519804544
14	50	-0.04055882304261543
27	32	-0.0405610062458045
33	81	-0.0406761830121144
19	54	-0.04072618497410915
43	70	-0.040787604466611255
12	21	-0.0408175681838478
16	68	-0.04082332516650786
27	59	-0.0408439564462148
23	45	-0.04086201938350126
16	22	-0.04088461257115206
23	43	-0.04089681604815551
17	61	-0.040912673441130976
58	82	-0.04093369458341897
2	67	-0.04099032127528504
37	64	-0.04099678243750812
36	44	-0.04103025418648426
36	59	-0.04103222276152202
33	78	-0.041081758404414914
26	81	-0.04113967016676126
45	49	-0.041144933200977674
6	35	-0.041175707018513474
63	70	-0.0411833363064375
26	77	-0.04122061706202418
2	73	-0.04124076649000222
62	71	-0.041245858568786986
33	69	-0.04127340650472397
36	53	-0.041338908946522424
32	53	-0.041371196471070515
27	73	-0.04138676351178194
66	67	-0.041444968273863514
16	66	-0.04146444784894038
53	73	-0.04146549454849699
51	53	-0.0415282156895081
6	41	-0.04155851221753665
28	75	-0.041566256007091185
8	49	-0.041566369978940254
16	81	-0.04161579695123174
20	48	-0.04162279276961245
2	71	-0.04167179256367615
45	61	-0.04169272045036079
35	50	-0.041713814146505934
21	59	-0.04172958600646426
4	80	-0.04176932329707875
32	59	-0.04180345333182034
41	55	-0.04194255812044531
38	69	-0.04198459895698589
10	51	-0.04210370094761942
40	61	-0.04213547457115491
17	69	-0.04216734814186851
4	18	-0.04217191855287747
25	68	-0.04217695110692565
11	65	-0.042297588751286
54	58	-0.04242267440001243
31	82	-0.042427837882391795
42	78	-0.042483797719161664
2	24	-0.042486114662420485
14	69	-0.04254690593952781
39	65	-0.042597901269953
29	53	-0.04268874730295996
24	79	-0.04274895487017097
32	80	-0.04274943799551334
53	80	-0.04280815200264482
30	40	-0.042912469826673794
18	59	-0.04300555449055163
55	58	-0.043070272708667645
35	71	-0.04307048155686968
19	73	-0.043073490647886126
70	80	-0.04309283914643064
28	82	-0.04310375226907358
38	65	-0.04311481872757325
15	61	-0.043155560253881675
57	79	-0.043166174702819055
41	69	-0.043173222047442644
15	68	-0.043194310912800155
6	29	-0.04320426200991587
30	41	-0.043212795073469784
29	77	-0.04323006138037272
7	12	-0.04331756859983718
11	16	-0.043343878384344114
35	38	-0.04339744091142095
19	76	-0.04340118798650927
26	41	-0.043483423286389156
41	48	-0.04349194272873817
15	77	-0.043494261143865454
36	74	-0.04355166638964622
11	69	-0.04372590918788555
23	65	-0.043816865070536504
19	72	-0.043863014003833634
24	80	-0.043868980037243904
43	68	-0.04391713249022286
25	39	-0.04395811769916824
14	27	-0.04396966642263095
15	82	-0.044004156882137185
8	15	-0.044101324144694365
8	48	-0.04410427331747914
28	81	-0.044104983385910596
22	82	-0.04415462474824093
11	25	-0.04421151289362443
6	57	-0.04425368672216165
18	50	-0.04425479770755722
34	82	-0.044283206992876675
24	50	-0.04428985003583852
17	82	-0.044309833475046495
11	43	-0.04435211410258205
12	80	-0.04436968056566343
7	42	-0.044370037596594414
47	75	-0.04441458322626751
5	14	-0.04442252857421161
3	20	-0.04445532397389723
53	81	-0.044579965175912506
6	79	-0.044581003263468144
37	73	-0.04459541651464671
38	76	-0.04463145080467304
23	63	-0.04464954544301672
18	68	-0.044655376718192225
17	65	-0.044689667137239986
5	77	-0.044710834996185084
47	58	-0.04471242053264293
29	30	-0.044735746067768756
20	33	-0.04482235745531993
41	53	-0.044833039236066824
4	40	-0.04487155697305084
4	65	-0.044926638571294086
54	68	-0.04493350360556825
26	82	-0.044946422358274105
3	37	-0.044951825268716106
29	76	-0.04501350736852314
52	74	-0.045014923132269236
67	68	-0.045031160414165716
44	58	-0.04504184106186859
17	48	-0.04506429899368
5	46	-0.04516096162924718
6	51	-0.04519519647534412
23	58	-0.04520119133604847
18	42	-0.04525098861320059
14	73	-0.045312817732775346
33	38	-0.04532278079711885
42	55	-0.04543681125007115
25	58	-0.0454516462226108
29	56	-0.0454877834498483
4	58	-0.045547265732040765
53	72	-0.045582357191528505
35	61	-0.045713957787810205
47	71	-0.04571958046372693
6	61	-0.04577842136871882
22	30	-0.04578072627374857
25	43	-0.045923801254866226
69	81	-0.04598117213492037
8	50	-0.04598986077587472
7	27	-0.04601086630170448
39	62	-0.04604280449448225
37	47	-0.046071738199166934
19	69	-0.04608247852245417
2	36	-0.04612645776647452
16	49	-0.04626328262067664
32	82	-0.04637051263472873
14	42	-0.04639275743155569
24	55	-0.04648449453802311
57	70	-0.04648780949293077
30	57	-0.046492456002190596
73	81	-0.04649361385790188
10	21	-0.04649685959012112
9	45	-0.04650707054222683
10	46	-0.04658936368533584
4	37	-0.04660131904680137
9	35	-0.04663096874460346
27	39	-0.04666195281383134
22	35	-0.04667087256097616
41	49	-0.04667880407670788
9	17	-0.04673974308668832
24	38	-0.046792470128571156
13	21	-0.04696614853692624
35	57	-0.04705067769630786
22	69	-0.04711287482881049
39	46	-0.04714334638583864
46	59	-0.0472561733454282
11	78	-0.04727893343832071
23	48	-0.04728500852066851
4	20	-0.047369894167120424
73	78	-0.04738335719380521
39	71	-0.047401186715657406
36	60	-0.04744905320009132
19	35	-0.04744925298935468
28	71	-0.04750862362872066
12	61	-0.04752993441253317
47	57	-0.04762750731995724
19	41	-0.04769687101397213
7	15	-0.047716238366188435
9	39	-0.04774591362424738
39	60	-0.04786547581846845
22	43	-0.04787112629843479
19	74	-0.04788191455640228
26	33	-0.04794049883833448
33	70	-0.04797796980517946
3	49	-0.048017858230665345
28	72	-0.048021376513619485
16	38	-0.04804119198081519
8	74	-0.04804269623762186
21	55	-0.048063820769254
34	45	-0.04812109686700189
60	81	-0.048267321830574444
38	52	-0.048303365402499465
12	18	-0.04832057488998909
43	67	-0.048397234614107304
11	66	-0.048482385372387415
27	56	-0.04848956961007106
13	59	-0.04861918930238529
5	19	-0.0486602261832432
33	80	-0.04874299510764493
18	75	-0.04879524917158659
11	62	-0.048881680176483006
14	19	-0.04892014246230214
5	42	-0.04893048786352311
36	69	-0.04896142036969353
32	74	-0.04912632156511054
46	67	-0.049139348956992845
14	34	-0.04916275008893872
41	57	-0.04927151430350846
10	36	-0.04931136044300538
18	37	-0.04933115125697432
20	43	-0.04933720416850526
63	76	-0.049403360977809535
14	43	-0.04940808841990468
10	63	-0.049444255597998754
13	32	-0.04945520328238198
19	64	-0.04945669865695221
32	69	-0.04947370321752448
5	69	-0.0494977869244175
29	59	-0.04951434889845663
54	71	-0.04955191691369665
44	67	-0.04962326521131721
40	57	-0.0496279535745375
4	21	-0.04974205876689197
13	24	-0.049755252140135944
6	44	-0.04979248761053806
61	62	-0.04990033581340056
44	74	-0.0501007168003241
21	45	-0.050144697614657396
6	14	-0.05018543332023975
13	28	-0.050201366694380356
31	76	-0.050208828207413236
33	68	-0.05025204625962587
32	58	-0.05027549663971581
13	42	-0.05030224640090322
11	52	-0.05040229493602644
22	66	-0.05049003293034815
40	67	-0.05051450021560447
43	59	-0.05053548495396798
62	67	-0.05060585617429661
59	77	-0.050623258633526874
52	60	-0.050627511818674475
2	22	-0.050646729668986895
22	38	-0.050646783116195526
47	49	-0.050672198042302635
15	33	-0.05072296481189975
47	73	-0.05076450302671723
58	74	-0.05077510408542191
29	74	-0.05080037214505689
15	56	-0.050841312214822854
14	37	-0.051065594485209864
27	76	-0.0510686656776049
15	79	-0.051069224427638005
8	17	-0.05108746665886632
23	77	-0.05110144581131551
43	71	-0.05116957288575866
48	67	-0.05124655832075273
23	73	-0.051257009782741114
44	56	-0.05134951640652327
45	74	-0.051513298543802044
49	76	-0.05153769177514883
36	70	-0.05155966096902398
12	32	-0.05171154079300844
13	23	-0.051730564195712744
3	34	-0.05184059213465786
48	74	-0.051977688584469106
28	32	-0.05199729709180234
25	30	-0.05204764223779765
11	76	-0.05205148396009329
11	80	-0.05208892691520742
43	57	-0.05214875414511133
40	46	-0.0522360857476146
42	58	-0.05232055262849178
17	55	-0.052357016539452766
48	73	-0.05241579040905765
46	77	-0.05249707489686162
3	28	-0.05249949432728429
43	74	-0.05253326949876064
10	65	-0.05254329015090148
6	80	-0.052578029883404015
2	66	-0.0526024758900121
4	52	-0.0526900710746116
5	17	-0.05272121970171606
27	43	-0.052771397359295036
42	59	-0.052836353524854884
40	58	-0.05293340708652672
5	22	-0.05298947573572185
27	54	-0.053023231167630996
38	47	-0.05309113808192334
54	57	-0.05311107216172137
5	44	-0.053112106987749125
33	72	-0.05314038282017941
31	78	-0.05316375139221163
11	44	-0.05318211814253643
43	61	-0.05321602898272623
16	74	-0.053304237965179246
14	23	-0.05350337396243618
32	37	-0.053616139651805006
8	37	-0.05364936738372711
41	80	-0.053702683533260354
18	39	-0.05376231468497464
34	48	-0.05402631232120203
2	77	-0.05403112203625497
20	54	-0.05407774347568706
33	76	-0.054084188102790975
44	69	-0.05409799287868902
37	63	-0.054173027882146396
34	78	-0.05422502868184148
19	59	-0.05430929913658311
46	68	-0.054392698419496566
24	42	-0.054538421125938485
20	39	-0.0546351490046153
25	33	-0.05465522190531086
52	70	-0.054661090453722305
42	52	-0.0547409430240699
44	73	-0.054806331411922676
10	28	-0.05491554772509449
10	73	-0.0549462780922175
58	71	-0.054988367153703366
32	42	-0.055024815613731626
37	55	-0.05504934265919234
32	61	-0.0550766781700508
49	78	-0.05511904065900364
23	79	-0.05521779323430703
16	18	-0.05528206293362861
6	27	-0.05532967182368895
15	62	-0.055352198599632835
21	48	-0.05535473573849993
25	42	-0.0554000896494421
52	78	-0.05547310764331426
39	58	-0.05557354478659576
4	28	-0.05568953406840535
2	74	-0.05570331030321585
15	39	-0.05573573484824404
9	18	-0.05580082763281363
28	45	-0.05582373512277927
14	20	-0.05587799759876905
42	62	-0.05591141600973956
4	17	-0.05595660498165389
27	81	-0.05604691483698801
13	34	-0.05611316444190481
54	67	-0.05627995945087855
67	76	-0.056301736388891854
5	32	-0.056333630889047415
41	61	-0.056336332517678916
14	62	-0.056486215734165734
31	57	-0.05654049750554402
12	50	-0.05659145722041012
30	58	-0.0565950631100412
64	69	-0.05662947416608302
9	22	-0.05671693369054953
2	16	-0.05678137442593345
8	67	-0.05682610161951568
38	44	-0.05684787047889317
54	60	-0.05692996178078227
4	32	-0.05696745408615428
37	56	-0.05698275939566022
32	70	-0.057061307415318174
12	43	-0.05708326244380715
63	82	-0.057174511768916775
9	50	-0.057236706106737756
25	74	-0.05724049315685997
30	63	-0.05745575215257487
21	65	-0.057486727768623236
69	77	-0.057568016755762313
12	56	-0.057611228235687956
35	70	-0.057671889069133064
3	21	-0.05783749877562691
10	52	-0.057951002544804786
37	57	-0.05795170905564981
13	25	-0.057969590489327844
16	71	-0.05806549690498994
64	66	-0.05807590553794739
41	75	-0.05821924397713546
32	79	-0.05829191937724698
42	63	-0.05829384058973586
18	57	-0.058356506871183794
37	65	-0.05840491526627958
30	71	-0.058415255714673986
36	66	-0.05844611381090675
8	30	-0.05844738029341881
15	55	-0.05864285848690104
11	55	-0.0586573488508913
27	46	-0.05869399965672012
46	58	-0.05894723653973044
37	53	-0.05900439890257178
12	26	-0.059156224661021384
8	29	-0.059172330489841524
3	14	-0.05917374181954996
20	42	-0.05918814001697126
22	81	-0.05920530280060346
33	67	-0.059213057170629774
50	69	-0.05932544440730117
21	81	-0.05933411747212128
18	48	-0.05937686041561141
13	20	-0.05942243834395207
17	76	-0.05946091736236994
26	66	-0.05946293579331194
12	62	-0.05948790966670933
22	45	-0.059502307355111694
12	51	-0.059582285557193554
39	49	-0.05962530095137189
10	57	-0.059631602809275125
16	77	-0.059689645514168554
33	57	-0.05972650461412568
37	80	-0.05974273043852743
9	67	-0.0599171116869322
31	44	-0.059930415589791036
61	74	-0.06001274051609051
19	60	-0.06012151183902248
11	42	-0.06021101864184608
30	73	-0.06022280735051813
2	31	-0.0602607307053947
10	61	-0.060324108671112986
36	61	-0.060393386290644197
29	70	-0.06041574634954433
17	41	-0.06041740707092308
42	46	-0.06052289765894536
30	80	-0.06058459401649463
11	75	-0.06064800969517942
36	58	-0.060679975105460804
16	60	-0.06069533852534484
21	38	-0.060792006226641826
9	66	-0.06092520725428091
49	54	-0.060935083005567214
19	75	-0.06121049978578269
18	54	-0.06131443899681249
23	39	-0.061320542258909136
6	40	-0.0613395683196267
18	77	-0.061530476311173976
26	79	-0.06155494137323103
13	27	-0.06159246630229856
17	54	-0.06160246126484137
30	32	-0.06161521256968472
30	52	-0.06170432707188267
35	53	-0.061820012909832384
61	72	-0.062055458208399
39	57	-0.062097292399124926
60	77	-0.06217941797479737
11	73	-0.06218267349636622
39	61	-0.062294358001120126
7	58	-0.062410784941866415
26	42	-0.06251135140676117
11	58	-0.06275672854213088
4	63	-0.0627638806356132
2	29	-0.06282506555432898
39	63	-0.0629076684247443
24	39	-0.06305348308455982
15	36	-0.0631220230845882
13	18	-0.06313628728063994
22	39	-0.0631434340875574
41	67	-0.06322888865989976
61	75	-0.06329474516030836
45	70	-0.06336589044584803
12	78	-0.06338169460673149
18	70	-0.06355160002135685
18	64	-0.06355980512140594
9	15	-0.06362734273196888
4	61	-0.06381142554611974
21	43	-0.063877277377934
34	43	-0.06397339434228841
9	37	-0.06420098151757128
37	51	-0.06432639895670988
19	71	-0.06432762487228161
11	30	-0.06436801423900249
40	63	-0.06441493375383447
12	46	-0.06450417604365416
29	33	-0.0645311938810039
37	76	-0.06457560915845384
25	79	-0.06462303591248966
27	75	-0.06463286466713572
66	74	-0.06478336433339621
15	74	-0.0650063778257387
57	77	-0.06509232681919183
18	79	-0.0651249148934516
15	57	-0.06515685272328547
32	81	-0.06516843416996906
43	49	-0.06531147918805053
17	72	-0.06532055726418964
59	63	-0.06549557356210367
15	60	-0.06569293630306025
19	55	-0.06576153841833154
14	35	-0.06578695941029436
16	21	-0.06584101310347773
6	59	-0.06589526489376885
15	49	-0.06596787973853818
27	55	-0.06602236660220265
6	66	-0.06618419449130408
31	81	-0.06641731374490883
27	35	-0.0665070400737085
8	53	-0.06657157790546936
11	50	-0.06657836956106652
63	78	-0.06667310915826091
14	29	-0.06681867690644161
62	81	-0.06682945996053952
11	26	-0.06683681915558257
20	53	-0.06697826799164683
4	60	-0.06697957001040125
11	57	-0.06708590151654861
33	52	-0.0671190796610108
12	20	-0.06724545747307215
28	33	-0.0672463248322471
48	61	-0.06739936304091736
11	33	-0.06770099495147097
27	48	-0.06773905817554116
18	44	-0.067829837962319
36	42	-0.06796366756176345
32	51	-0.06807087885654459
33	71	-0.06836303723005521
18	74	-0.06848923538671195
63	69	-0.06883566146288034
31	50	-0.06887378366596536
6	28	-0.06888810073442012
46	60	-0.06913481608525462
31	51	-0.0692966114445362
60	63	-0.06960834588854398
42	50	-0.06971657495066708
37	66	-0.0697223907944281
27	33	-0.06972740727042775
2	11	-0.06974735707423502
42	48	-0.06979757181673897
2	63	-0.06981993383185042
37	77	-0.07000752745592786
27	60	-0.0700404874341451
23	42	-0.0700995444741209
26	39	-0.07034131443298586
3	61	-0.07073294414428138
3	18	-0.07099004234885883
43	73	-0.0710268231411629
14	60	-0.07115471134242457
42	64	-0.07127462383183308
57	63	-0.07135525836754691
21	80	-0.07141620066415988
34	63	-0.07153135492052537
27	57	-0.07189982557593566
12	60	-0.07192900720618811
56	70	-0.07212643043987244
28	60	-0.07214703622529461
2	17	-0.07219299225052528
40	77	-0.07221274448536086
10	17	-0.07226599502823994
19	39	-0.07238396111874823
6	49	-0.07245276324889452
28	37	-0.07246814141082303
17	53	-0.0725461796412874
28	40	-0.0725840409472498
29	75	-0.07269770839005299
33	60	-0.07290339894634593
19	38	-0.0729064980801869
22	64	-0.0729546142293794
19	70	-0.07312090350937017
66	77	-0.07316548303263198
19	36	-0.07326819783619654
20	46	-0.07328703969278272
2	58	-0.07334791787640332
17	36	-0.07354988640082413
16	41	-0.07364632753220071
13	31	-0.0737233086050405
18	30	-0.07384686239636537
4	15	-0.07386723004399914
31	48	-0.07399859415585605
19	37	-0.07403910385287699
67	80	-0.07412604607084455
22	40	-0.0741825985797066
41	50	-0.07441325904811308
28	43	-0.07463152449954477
12	79	-0.07498894758984181
21	53	-0.07504620035263665
31	39	-0.07506251565954825
22	80	-0.07511138232858314
13	17	-0.07514156005799849
23	66	-0.07517586837465673
14	56	-0.07529033802211843
19	79	-0.07535492681161651
71	79	-0.07550581343879936
19	43	-0.07574034304308769
70	81	-0.07575157269944888
60	70	-0.07576665351441736
43	63	-0.07578553384091422
16	45	-0.075820507792141
44	71	-0.07603197348293436
17	19	-0.07625084083405248
37	71	-0.07633690907333127
10	58	-0.07647513060246047
22	48	-0.07650540644649126
12	45	-0.07658197765437111
8	81	-0.07701421300819664
44	66	-0.07755272270910088
37	62	-0.0777825100267073
28	44	-0.07779758218196609
31	65	-0.07781255808781454
47	67	-0.07788774589642955
53	57	-0.07792379224090959
38	61	-0.07797002667621611
27	30	-0.07825182210753132
17	66	-0.07829203201175405
18	41	-0.07844027159772338
66	75	-0.0785551682440167
31	58	-0.07861250982705797
12	81	-0.07885360681550696
28	36	-0.07890005873479378
56	63	-0.07891467052981344
40	49	-0.07900080600698639
12	52	-0.07933999003232595
14	38	-0.07961543424639994
19	26	-0.08041822904540843
22	79	-0.08057595574260307
12	49	-0.08084397948984684
28	79	-0.08101467397150072
29	73	-0.08110230239710553
17	56	-0.08121488203457142
21	77	-0.08142336636293301
42	54	-0.08164437634812752
26	43	-0.08182729891263207
48	63	-0.08192549633726591
14	74	-0.08216200101821669
42	47	-0.08275500649645354
11	29	-0.08276949321741092
14	21	-0.0828884600806849
27	69	-0.08333287188483066
12	71	-0.08351750770218719
16	40	-0.08380623822022754
19	40	-0.08392951158347672
11	70	-0.08446229418117632
12	35	-0.08448669761718611
28	52	-0.08536300343399048
13	63	-0.08560389685317854
11	60	-0.08565691337022427
12	23	-0.08598421537776904
41	66	-0.0861300718915477
10	12	-0.08665461253389811
44	49	-0.0868965285534963
19	48	-0.08695803853950416
13	22	-0.08709365668533522
37	78	-0.08714929915778269
6	52	-0.08714952055073624
46	61	-0.08815495205435242
44	52	-0.08819098366722594
52	63	-0.08844812274786745
11	81	-0.0885753595327046
12	65	-0.0887669011905454
21	44	-0.08888767118682453
59	66	-0.08904623852585924
9	19	-0.08914614729733325
27	40	-0.09013772576138296
14	16	-0.09066468935214947
18	43	-0.09069743481766514
12	36	-0.0908746046144562
8	19	-0.09091188060972186
31	43	-0.09099256276751597
22	44	-0.09109311955442495
66	71	-0.09196844950121683
50	67	-0.09205211292083068
8	18	-0.09216138416313746
29	58	-0.09238894874432296
18	53	-0.09249945626535983
18	47	-0.09283220166386487
37	46	-0.09331554644113463
8	27	-0.09356314955149123
28	41	-0.09382776834712428
50	66	-0.09384403819615425
14	52	-0.0938816476394802
12	25	-0.09420365624374394
16	27	-0.09444210924300028
42	51	-0.0956255315289303
37	70	-0.09594611842147066
14	53	-0.09597800499579556
42	57	-0.09600722825176405
33	64	-0.09618200084907949
31	37	-0.09733171581386879
12	57	-0.09753356881880185
21	39	-0.09754743821133185
27	71	-0.09770793921087606
18	38	-0.0985857583758627
16	33	-0.09945464926950465
60	67	-0.09996453765341232
36	49	-0.10052674263181086
58	63	-0.1024416715730107
10	81	-0.10264590344056218
13	19	-0.10265780575652046
58	67	-0.10489044279225787
28	77	-0.10555327171911724
16	52	-0.10622462902630497
21	58	-0.1066268603528549
30	67	-0.10711364563852091
14	49	-0.10787687276605229
14	81	-0.10918411228084104
63	66	-0.11168210044239316
49	77	-0.11189316552758363
27	38	-0.11420745076169841
49	53	-0.11627272054769935
6	42	-0.11732653296354742
28	80	-0.11796661504116732
27	44	-0.11945858436894399
11	19	-0.12343376192362185
11	61	-0.12690510147138567
52	67	-0.12739852903322532
27	77	-0.13241650570091062
