60	71	0.6598101097697131
35	73	0.5875926533788425
36	72	0.5778452241547528
38	70	0.5013106231658608
26	27	0.4672823301294474
27	28	0.42865033063046065
18	71	0.4239536167819687
12	15	0.41815672764163664
32	76	0.40424452063439115
66	67	0.40385017331398027
37	60	0.4022650361315584
35	58	0.3767295596437408
16	71	0.34999542366228514
82	83	0.34923647971811955
26	28	0.3407945441796836
2	3	0.33498096120525483
34	74	0.33262456503414056
84	85	0.3136861294687341
5	6	0.30681823813217635
26	77	0.30219258817369166
27	77	0.3011619284705619
17	59	0.2909595304590923
6	18	0.2890269349290948
5	21	0.2855227399633943
12	14	0.28211554568567065
28	77	0.28033416506703024
23	30	0.27605571188784644
4	5	0.2698742865115897
61	62	0.25985342704476433
10	12	0.2548364099257193
29	77	0.24890291326696418
80	82	0.2473109897004094
25	26	0.2425614119813648
23	24	0.2417442070561821
25	27	0.23934248416134113
78	80	0.23688601664687145
16	18	0.22449533709964214
77	80	0.2243730156586747
74	82	0.22215252836034194
63	69	0.21558407923376863
25	28	0.2051022538265621
22	33	0.2045507159996955
35	51	0.1987617826860914
11	16	0.19621947619609562
23	33	0.19132873149303972
82	85	0.1897208319427068
51	53	0.1884648210049567
8	16	0.1854656440862991
1	2	0.1846501100735975
41	43	0.18461782692035597
81	82	0.1831031616697942
23	77	0.18050420674239315
14	65	0.18024053229676307
27	30	0.17509701918197296
23	26	0.1738202714849415
20	33	0.1723776300675064
46	49	0.17188400341875168
75	80	0.1712016219739883
13	65	0.16849842692207834
83	85	0.16820452849588957
28	29	0.16271660595992232
8	10	0.16260985550660703
1	3	0.16149341394327105
37	71	0.16052089293322858
3	6	0.1585879560354805
10	11	0.15753918317167573
77	82	0.15708884151410818
6	73	0.1568844104475774
26	29	0.15683304421014682
79	80	0.15674179855509804
30	75	0.1562866258469084
34	76	0.1547482666792061
30	32	0.15455806691679047
74	84	0.1541074948996177
39	64	0.1534896246371956
3	75	0.15278293879788943
4	6	0.15158499087068508
23	29	0.15156643205476777
38	46	0.15077762984288764
39	41	0.1498420843021835
77	79	0.14924827475591285
27	29	0.14656178085882465
83	84	0.14325930718918478
7	19	0.1427029700789549
56	57	0.14220344882990224
27	66	0.14173865018888437
27	36	0.14167143507313984
28	30	0.13998256015962446
52	53	0.13936165790222146
40	70	0.1372783433253247
23	27	0.13539868101045943
33	75	0.13497065137113307
34	36	0.13483065266839878
74	81	0.13000795915845903
32	34	0.12982035048337853
3	5	0.1297294651375228
41	42	0.1288987477745017
36	37	0.1274454162026455
32	65	0.12742224463308088
33	73	0.12731414053506937
30	80	0.12695417636947287
3	85	0.12492281350122658
7	21	0.12440213406094208
34	81	0.12344670712360656
33	56	0.12210190867359799
20	69	0.12141229426892583
40	68	0.12120498952238226
75	77	0.12087031084701114
53	58	0.12069444334859919
26	30	0.11981664291677857
76	81	0.11942746995958728
18	35	0.11798149961713567
8	12	0.11742110610053011
58	60	0.11733288111735651
80	85	0.11705136514131384
9	11	0.11694321428601176
46	72	0.11661802713888453
28	66	0.11615407297078212
63	67	0.11614971325599058
82	84	0.11510242858039288
11	12	0.11395660925563184
51	52	0.11283259409945595
3	20	0.11275552682623244
55	56	0.11264883409796775
32	79	0.1124570606851541
29	30	0.11209431902105926
9	17	0.11161934283118127
25	36	0.11105695501638224
5	7	0.11082653093865494
30	77	0.110710330324095
64	66	0.11061322204141746
26	36	0.10993343446908999
31	78	0.10989611917205364
39	67	0.10981350801749368
25	77	0.10967958981513098
18	60	0.10851928762320812
3	4	0.10838279288691063
6	85	0.10816507659311472
78	79	0.10693587246009073
13	66	0.1065048119666383
30	31	0.10604746021767592
15	63	0.10551313039596796
30	33	0.10484659233886104
46	51	0.10352717941185002
48	50	0.103460633841016
31	66	0.1031974413686361
51	58	0.10191964301406067
46	48	0.1018539152791337
62	63	0.10182291766501306
65	67	0.1014270984321336
6	35	0.1010285108709891
46	50	0.10097525286454168
2	23	0.10082794878369514
13	67	0.09950626606316651
32	50	0.09934010571568233
18	73	0.09881963267810626
14	15	0.0983846131079866
68	70	0.09837250926813942
9	16	0.09771304014104368
41	70	0.09665226328228324
20	73	0.09623674445526662
9	19	0.0957429720684157
32	53	0.09550271996215912
53	56	0.09540176458316443
40	41	0.09522439675493094
70	72	0.09509719878884626
53	55	0.09413840070355481
54	55	0.09322218178612132
69	73	0.09269706357968147
27	80	0.09206191771227623
20	35	0.09202684858050653
28	31	0.09063687685280825
16	60	0.09051907000252296
23	82	0.08974343849341254
75	82	0.08881858970801337
8	18	0.08874635280360627
1	23	0.08832058715657531
36	71	0.0881871871713506
51	73	0.08813287194506897
12	17	0.08765175237103653
28	82	0.08729998390855653
16	20	0.08682873674542388
60	63	0.08620038974318878
65	66	0.08513034274373238
39	42	0.08403023636446849
67	69	0.08396752650847
53	54	0.08385498500231539
50	53	0.08375369454765327
52	55	0.08352629465630201
35	69	0.08251367450489219
12	16	0.08222842013728549
25	29	0.08141584466601234
54	56	0.08022207223654329
19	57	0.07914390365634905
64	65	0.07884077999287642
46	47	0.07825837682793013
38	40	0.07780768306916211
12	13	0.07778503695468181
25	72	0.07760625025047754
37	38	0.07732868362480072
50	52	0.07689934444705873
39	70	0.07684217652727948
21	22	0.07636619178413859
2	5	0.07566837822038411
77	78	0.07564467335218239
69	75	0.07562320489289179
37	39	0.07559439447296229
3	69	0.07550812648280372
10	15	0.07548132908118671
69	80	0.07532154234209693
13	14	0.07529149838160817
62	64	0.0747524632146852
48	49	0.07443235328435674
51	55	0.07228276319018126
77	85	0.07172350065823649
19	21	0.07160228485594441
63	73	0.07134953910180172
8	15	0.07047520134274385
73	75	0.07002929746892705
46	53	0.06999498186724065
38	72	0.06998598747757823
3	8	0.06992365631866188
37	72	0.06974894867811338
69	85	0.06970740519926698
63	85	0.0695737081194484
18	20	0.06928132381176708
41	44	0.0689015330387733
33	82	0.06879599892203744
36	74	0.0687323956887424
20	63	0.06853528065025652
71	72	0.0684060233931697
39	68	0.06804720732188363
61	64	0.06789042500964773
9	10	0.06765589216670223
26	37	0.06681870856011912
47	49	0.06679274954509956
30	78	0.06676586468444928
18	69	0.0667617170119342
10	17	0.0659179307170488
36	81	0.06570666752008106
43	44	0.06566267853973431
24	26	0.06513598201063711
72	84	0.06512522146010186
18	63	0.06501294156102971
50	51	0.06483617611362683
31	77	0.06479450684709137
14	32	0.06436179191250507
25	30	0.0643614806009031
37	49	0.06426457196526686
10	16	0.0642325822770538
79	85	0.0639177708740202
69	82	0.06380856288566991
17	57	0.06379251015566814
15	59	0.06319413511794708
36	46	0.06316825595695541
8	20	0.06304164866493228
37	65	0.06275773348835612
27	75	0.06259834137483239
31	32	0.06256586851426205
63	80	0.06249531938874184
42	43	0.062149777107966625
4	21	0.06208911792332919
38	41	0.062046826781943815
33	69	0.06198125049840672
31	75	0.06189471677401512
59	61	0.06185058081193112
52	54	0.06166510392208058
20	23	0.06125986946953929
19	20	0.061165505483799926
28	36	0.06105235292760813
69	71	0.06092789173751506
47	51	0.060783827056062695
16	59	0.060772041538721705
15	17	0.060759306742251606
27	37	0.060620372794282784
50	54	0.06057686167247628
9	59	0.0605026552056685
15	16	0.060408319643369374
3	82	0.060195948383661046
8	11	0.05971886681458444
40	43	0.05883760921707812
7	9	0.05839790297742872
75	79	0.0582162146175928
26	76	0.057264702462995865
2	83	0.056931812899439216
42	44	0.0569284413662382
35	63	0.056600699366052054
1	33	0.05652782963329578
48	51	0.056502135885620364
3	7	0.055569680143887995
31	80	0.05515410556841696
14	66	0.055083025148728676
47	61	0.05494748947550446
22	28	0.054701848115464136
28	76	0.0540640690593604
58	61	0.05373883167340621
46	70	0.053334321561450515
50	58	0.053279693481332185
10	18	0.05323463402785236
11	17	0.053234252177182334
27	76	0.053214206403928876
8	68	0.05300228982034258
52	56	0.05274423958517446
22	23	0.05240404842017338
6	79	0.052399936724058405
6	7	0.05159478165093043
26	66	0.0512351348200874
39	72	0.05094724691732261
27	79	0.050932630296194326
1	20	0.05089830467646658
64	67	0.050584826386338294
17	18	0.050530157257907216
66	76	0.05052460414554083
70	74	0.04996828819031046
2	75	0.04982448311368512
38	44	0.04948626546469509
74	83	0.0494826305326532
28	80	0.04942865911444924
11	13	0.04942725199023301
58	73	0.049282618672950584
23	28	0.049079472602286844
37	58	0.0488966064114183
10	36	0.048869183970967345
46	52	0.048703464024836385
13	25	0.04790466466410914
58	59	0.04772636013624082
20	85	0.04762133135843624
74	85	0.04751812306035921
39	43	0.047503441320530415
76	78	0.04686014703135416
2	20	0.046562715241780656
30	34	0.04646765349374932
60	61	0.04563511522033867
36	70	0.04562812519181253
60	69	0.045564980187615345
21	61	0.04554906561412908
28	78	0.04554857216212366
22	64	0.04547034091655869
2	4	0.045280734438761544
6	20	0.04521523239359629
8	73	0.045155802976442394
33	63	0.04513887025702096
40	44	0.04499640228688248
78	82	0.044984557104615436
16	85	0.044938466435163915
16	63	0.044933040926365714
1	4	0.04479811181745913
10	13	0.044507518688132075
3	37	0.044445617585978814
6	8	0.04441598354282747
77	84	0.04398158649143405
3	33	0.04389727685014569
55	57	0.04366055303083807
48	54	0.04320120401203795
47	48	0.04308349971118414
62	69	0.04297370196326722
22	29	0.04282023225815226
51	56	0.04262891722476789
48	68	0.04256705172000336
25	37	0.042542741939115836
80	83	0.042488543383856575
72	77	0.04242213779233922
32	33	0.04233075060086733
49	59	0.04215067226913452
68	74	0.042110170159829347
65	70	0.04208531617532263
36	39	0.04203031809617941
31	33	0.04198988786858013
7	8	0.041961588445190795
47	64	0.041934705816378065
50	57	0.041713103131380436
38	39	0.04168606083539822
75	78	0.041661736893715495
44	64	0.04162425242187229
70	85	0.041602953263352505
8	9	0.04160165307183036
10	83	0.04156840641600054
12	65	0.04145597950910984
42	85	0.04137820472193751
11	59	0.041224381402389904
22	53	0.04114213819225876
42	46	0.041120545794583324
20	75	0.0410191645533616
3	63	0.04097645513799755
13	28	0.04087389918310602
1	79	0.040754121208023075
22	32	0.04062172558941898
1	24	0.04061444757500096
54	57	0.04056716165243754
48	71	0.04038671984443454
40	55	0.040121836658445875
26	79	0.04011387182535081
43	64	0.04004132091576465
16	17	0.039915860802202885
45	46	0.03982933678601053
6	48	0.039415728091693525
47	55	0.039295393828459146
4	8	0.03918349368254237
76	77	0.039125103454584864
6	10	0.03901616549097964
27	65	0.038898823783983405
32	84	0.0385677162759947
37	76	0.03854216657100373
14	64	0.03854186890479486
27	31	0.03828084219866518
43	81	0.038164073595814335
14	62	0.03771338715842318
60	75	0.03761440979141195
44	47	0.03761231409659044
63	71	0.037536559665482666
4	39	0.037287691641416404
4	62	0.03726160987531155
42	48	0.037217756554533604
56	59	0.03719424884600275
40	64	0.037187645534358715
4	23	0.03690856440812676
40	42	0.036805554794904355
20	82	0.03677071464086695
28	79	0.036482579369106316
26	34	0.03643459142822575
31	43	0.036346625669477745
33	55	0.036168784694165956
42	51	0.03611985160218381
26	65	0.0360810205566352
18	33	0.035969378154593834
21	64	0.03574821190583316
50	70	0.035739028503662895
1	82	0.03561415708593413
37	66	0.03546975835921673
17	52	0.03540180727415504
9	22	0.0351888248757711
2	84	0.034997350855429626
17	19	0.034946422200349686
21	59	0.034883528988020884
47	54	0.03481651108634709
32	48	0.034649370353336706
81	83	0.03463319613268237
4	7	0.03451908223232947
67	83	0.03444023025719961
51	71	0.03442584724877373
38	68	0.03439429558024809
63	65	0.03433629363783616
24	36	0.034287693105775285
41	59	0.03424117670331056
71	76	0.03421822896944876
57	59	0.03419236472877568
40	79	0.034140254157842
44	53	0.0340881072488293
53	57	0.034014900147684296
52	61	0.033861083846291024
30	79	0.033821931530179594
38	42	0.03367461631803925
49	50	0.03355530826689651
34	48	0.03337073593617934
44	61	0.033358835414673244
14	47	0.03301180741069343
45	47	0.033010864439858845
2	73	0.03295799232243318
25	68	0.03294650682867764
2	6	0.03291985068995751
33	80	0.0328600349222371
7	64	0.03276578068887512
36	48	0.032671671712223904
5	14	0.0326419808900483
63	75	0.032575805191183305
37	46	0.03250085987821766
22	67	0.032488248928591534
12	19	0.03243347965715776
44	45	0.03231956592341895
46	54	0.03223407421856714
4	58	0.03210098140116077
6	82	0.03192040795071452
11	19	0.03185158366027244
49	76	0.03181751495310142
65	78	0.03178606680568202
24	33	0.03171253085361478
30	68	0.03169423540605071
34	46	0.03167586833546018
43	54	0.03154330523887011
31	42	0.031537824651174245
61	69	0.03151495191243506
25	65	0.03149043425115167
65	69	0.03147111477605424
31	40	0.03134921124391868
3	77	0.03128653033923015
20	80	0.0312570191487328
39	51	0.03124754615595246
22	24	0.031206404827413547
60	65	0.031182286983137797
32	57	0.031087317428290212
10	44	0.03098441190369633
11	76	0.030983180551123424
39	44	0.030902315108216394
49	52	0.03086427789452692
9	12	0.030794044723573832
9	64	0.030665264979880952
43	48	0.03065884889821288
72	74	0.030653232896736604
63	82	0.030626814477385106
3	73	0.03059733868514211
48	60	0.030474306945072582
47	56	0.03040897967252762
47	50	0.030219828658830356
38	43	0.030128247774544953
32	51	0.03004970377958127
34	71	0.029976524089219525
35	48	0.029974236155454886
20	62	0.029771624417923942
44	46	0.029558416614978655
52	84	0.029518322939138947
16	35	0.02939906144954027
19	47	0.029340864172647113
60	62	0.02933489210483095
55	59	0.029267576649295246
42	53	0.02915257120834633
1	75	0.029100942736354357
47	62	0.029031266106713832
36	77	0.02890198111832387
10	25	0.028901853916833614
21	55	0.028801673056925436
55	78	0.028739833455063035
55	73	0.028694094180762797
24	27	0.028617229096877528
22	77	0.028608909364945256
30	53	0.028534530511054645
44	48	0.028491227649608958
11	63	0.028447537523654254
3	18	0.02834024572954988
9	15	0.028276405357184314
5	79	0.028110048893729034
37	67	0.02799220092056559
17	48	0.027941074105957003
65	79	0.02780719837184137
72	83	0.027543577839775957
55	62	0.02745396163603256
32	59	0.027389547846976198
21	42	0.027372410446092316
52	64	0.02735916503599714
44	68	0.027263858019358822
49	58	0.027262976103137493
10	68	0.02708916751769669
43	70	0.02695289399024442
72	78	0.02691354169587895
21	24	0.02687516150589156
35	52	0.02673758647595273
56	70	0.026549676677141643
14	70	0.026462410074430176
19	55	0.026437896125322463
12	20	0.0263815723178612
46	56	0.026358901132939344
2	85	0.02635033303832865
21	41	0.026302238454375904
22	27	0.026203527936416393
5	20	0.02620045571787144
41	62	0.026195425490488283
52	74	0.0261949429153705
21	33	0.026051975272216976
1	69	0.026046570974588776
39	59	0.026019854350290472
8	71	0.02593872273816633
7	12	0.02588879496724511
7	10	0.025875303094579916
26	83	0.025832991655632104
1	28	0.025831400951944
19	50	0.025806687271940132
5	8	0.025785472343828386
19	62	0.025711582109778752
23	57	0.025621560351392236
26	72	0.02553957352873143
12	81	0.02552565452820499
13	27	0.02549315123626983
19	45	0.025476814114684415
3	22	0.025463454290558768
31	50	0.025418278021969692
46	76	0.02529953248192718
30	39	0.025278486194822314
18	58	0.025241643622641974
32	81	0.0252002678817701
8	65	0.02517731132091186
13	70	0.025006112410664805
45	55	0.025005283867350292
1	73	0.024897126759157173
31	53	0.02479261833016
6	9	0.024735120079453915
44	59	0.024686167881368654
61	78	0.024678859254000762
9	57	0.024601589169000543
5	19	0.024598971495225053
19	73	0.024388654326412518
60	77	0.024386449307979452
9	44	0.024308776553049583
43	59	0.02415612271287751
7	55	0.024143259523028843
49	72	0.024138274089404527
41	64	0.024136457529326083
12	76	0.024133997101678073
33	36	0.024119449480884902
19	64	0.024105655062519327
8	72	0.024100354618536907
73	85	0.024079763908349122
31	39	0.02402966740500556
36	60	0.023981595722638138
41	50	0.023978605749676307
5	62	0.023817743981412287
25	83	0.023796888098162355
42	52	0.02370987092532681
15	62	0.02369083342743636
28	72	0.023621105146128862
25	76	0.023610108190677603
43	57	0.023606524070664214
9	43	0.02350023181282726
7	62	0.023410344018862994
35	57	0.023352972938537636
19	40	0.023185282862367068
51	54	0.023179930938671045
21	43	0.02316851266307715
13	83	0.023037594377796428
42	66	0.022845359568249762
45	52	0.02284520384687322
1	40	0.022772500306016463
80	81	0.022768591769081664
24	83	0.022752210879450646
67	68	0.022737109676474715
2	81	0.022663190201461597
72	85	0.022622321089831338
60	67	0.022618811159188318
13	84	0.02256732705286016
8	14	0.022449696621554993
47	52	0.02241425109392614
45	49	0.022344954616650148
14	21	0.022232499013370488
22	56	0.02213124823898799
10	59	0.022033324709201496
32	41	0.02192375379675557
20	83	0.021869335686897973
62	79	0.0218594403105917
10	76	0.021729567241949577
2	46	0.021726394487599998
10	49	0.02164632704420552
39	48	0.021562036926624145
21	44	0.021487674522841782
2	8	0.02142269067209665
38	58	0.02140375786270915
11	44	0.02136655220927991
34	50	0.021348514344872366
22	57	0.021343686948935625
17	55	0.02129228657288132
2	69	0.021291130029508915
18	34	0.021184922363877923
41	68	0.021174349301917472
34	42	0.02116970577539981
25	79	0.0211369784259694
38	47	0.02109536369272383
50	64	0.021060040244013895
32	58	0.02104367779742547
6	63	0.020992075513796338
40	57	0.02095126258095678
31	81	0.020913195165656706
4	19	0.020887550404905086
17	64	0.020864144546831526
20	71	0.02084436051658331
7	43	0.020812072398817605
38	50	0.02078727083198917
9	21	0.020696136672296583
22	66	0.020648050620044017
48	59	0.020579764741207623
21	68	0.02057239118193252
43	45	0.020563777601690342
52	57	0.020549707785988774
50	56	0.02052144612395318
10	84	0.02041235618253806
43	53	0.020393928364301872
4	61	0.02036955990748296
14	67	0.020321599106347565
1	5	0.02031647067980963
16	69	0.020286521038097027
24	25	0.020254311606355463
20	60	0.020247062765634344
14	39	0.020228357862771662
44	50	0.020228127576699922
18	74	0.020159126783400427
40	47	0.020102756626283913
45	56	0.020034622368627006
68	72	0.01995055530615894
43	52	0.019946018446753366
76	79	0.019892993097822942
43	68	0.01988119006419814
49	68	0.019824244555285725
13	49	0.01976806903278111
15	39	0.019731356017823193
51	57	0.019691674733739117
57	70	0.019661057464180204
13	24	0.0196340563904501
34	77	0.019556701668926868
7	61	0.01950318378919086
66	79	0.01947287421746835
8	85	0.019361729191813754
7	47	0.01934483520040492
47	53	0.01929700469600973
34	39	0.019229898184928096
21	48	0.019216290713874457
16	58	0.01919897719631286
18	45	0.019153589609009924
41	54	0.019146199467626968
46	67	0.019139348686050578
19	44	0.019097605754582275
40	66	0.019027503754646874
17	44	0.018969908536023372
35	49	0.018927374900855276
11	68	0.01890532868704417
7	25	0.018899962040510587
4	9	0.018883684205566714
14	20	0.01886402379713789
41	51	0.01885528798550351
1	6	0.018814436518460043
31	64	0.01878047486211798
28	83	0.018747187339423627
9	47	0.01873010932506783
7	81	0.018709758513229174
45	64	0.01865421444519852
57	64	0.018580850172611435
5	35	0.01854292780513503
21	53	0.01841846583827053
1	63	0.018405348531292706
15	20	0.01823403715993871
4	10	0.01822492212788157
24	62	0.018159629488701978
13	19	0.018125817331735544
68	78	0.018123666254381943
3	60	0.01811609775680323
20	21	0.018052750980017046
57	61	0.01805103566270369
19	35	0.01794941273683351
61	70	0.017858147605152724
42	64	0.01778815698932909
21	52	0.017713704842645728
7	79	0.017671375518398508
30	65	0.017574852592924184
11	15	0.017572422254928916
14	61	0.017545175180265188
57	69	0.017529617126816027
11	25	0.017442374289071222
29	54	0.017393838660760413
4	37	0.017385058482337234
42	70	0.017383072414698136
19	24	0.017307871154105647
45	57	0.01727726165730037
12	59	0.017200433648413366
6	70	0.017182427920645782
13	22	0.017071319868683738
3	23	0.017017154556485226
2	82	0.016942241142470643
24	76	0.01689296344808458
33	47	0.01689164324126824
22	52	0.01686151104164399
9	42	0.016815786486284262
9	18	0.016637390361513904
49	73	0.016627853137440363
49	54	0.01661283520829246
31	76	0.016612294894468582
26	46	0.016477235790814226
49	53	0.01645240704955242
33	74	0.016399991912786127
49	62	0.016323569265535715
11	50	0.016319975041489243
72	81	0.016311188367876456
5	73	0.016231911315731512
62	78	0.01621752323111811
23	51	0.016197811618727964
28	37	0.016173685145796035
29	68	0.01609601595998497
19	69	0.016022283775136592
2	78	0.01587220830202976
17	41	0.015820157787844513
50	55	0.01580930984701967
7	68	0.015757225960258553
48	58	0.015641544595516144
13	34	0.015597650583035638
4	24	0.015596060079429708
29	76	0.015562943771837423
30	40	0.015520218847855732
23	25	0.015519867415276611
22	47	0.01545484019356072
42	78	0.01542710850887305
36	83	0.015411159721807677
4	22	0.015367469953737195
12	63	0.015343097800407157
21	57	0.01513000290956909
23	75	0.01507134333464269
21	47	0.0150669710575069
17	23	0.01495548628362034
16	39	0.014938166492273641
21	45	0.014925641062819517
35	54	0.014918563399865109
74	80	0.014857445831211458
43	46	0.014824992720499114
57	58	0.014690592646358441
14	83	0.014686708852491903
6	72	0.014584780242093254
30	73	0.01458226028919285
20	56	0.014543086705135905
41	57	0.014449784212433592
38	74	0.014438902048278801
39	79	0.014436618876568108
58	62	0.014433460170788004
44	51	0.014432364437079848
18	59	0.014350681408082488
45	66	0.014335737295037815
17	34	0.014253351721594781
31	34	0.014199057241652935
24	74	0.014164632441766883
17	21	0.014139310369990776
35	71	0.01411311316617575
32	62	0.014078557214509957
14	76	0.014062777561580198
59	81	0.014055454625814506
14	16	0.014042201718600655
45	54	0.014041805099484661
26	81	0.014012580841456013
36	80	0.013951945814602712
20	58	0.013933499061390409
5	36	0.013917017646774499
12	66	0.013784495721633233
33	54	0.013751463418822885
22	80	0.013682461693892811
54	63	0.013676264010736155
13	36	0.013675654645592561
27	83	0.013670301898308646
11	61	0.013534226140290151
7	56	0.013530422003645931
13	76	0.013509482851752741
11	14	0.013468799456645059
46	65	0.013428106628996628
40	51	0.01341662611154501
31	57	0.013403292869311051
16	67	0.013385798950581396
18	84	0.013361054937474387
63	64	0.013333911504264273
10	54	0.013307627041509534
34	45	0.013294619624870857
29	52	0.013266284093264108
64	78	0.013250175842870388
5	23	0.013192793438165262
59	64	0.013157180859347556
54	62	0.013086863280360739
37	79	0.013066715982095578
7	57	0.013045330228131091
15	74	0.013018225088559654
22	65	0.01294582520305243
43	56	0.012944798749034148
21	40	0.012826245713017215
61	68	0.012793716866170146
20	28	0.01268830187886652
42	68	0.012671015303356403
14	52	0.012644765788175277
7	44	0.012644405154734667
1	7	0.012640802847291327
20	57	0.012615274280750238
11	18	0.012521884546297102
7	49	0.0124729335073612
13	38	0.01243709633323642
17	71	0.01239585633637974
11	66	0.01236108307138356
8	69	0.012326556216151696
14	51	0.01231434481643176
8	38	0.01223356566940162
1	12	0.012132049530277661
67	72	0.012094059322021011
10	45	0.012086971760879778
65	72	0.012080895910996814
43	47	0.012075535504761925
56	63	0.012066147288324003
50	62	0.012058165469815113
22	26	0.01205135031280724
32	44	0.012037805692993925
43	73	0.012030633371287985
11	78	0.012027954158641552
11	47	0.012017322499403515
1	42	0.012006646807645877
41	47	0.011998865686861315
38	85	0.011975444294115595
7	34	0.011959390753416066
44	56	0.011919902187542852
24	52	0.011895375765838878
8	19	0.011889204319978336
51	62	0.011746463567121057
14	63	0.01174316223255048
76	83	0.011667933592089924
74	76	0.011517164315789863
81	84	0.011503507631789311
19	51	0.01149457588430794
19	56	0.011467106958956225
66	78	0.011456846626662576
55	68	0.011424343238087081
54	79	0.01133785028344228
17	43	0.011336341686163903
22	75	0.01131865998419862
29	36	0.011274376356332605
17	54	0.011239390964713908
15	43	0.011230388262653879
33	35	0.01122105538491286
38	48	0.011182209063936022
22	55	0.011144051505549174
6	69	0.011119126349123626
4	49	0.01106977923791666
44	70	0.011066911172331578
14	37	0.011050891097524995
61	63	0.011002201192046784
25	34	0.010985239786704265
55	64	0.010942432123330847
42	50	0.010900284469205934
39	40	0.01081480273010485
1	30	0.010809430863041453
16	68	0.01079369847563233
13	72	0.01077920070419558
19	59	0.010776969521754137
20	65	0.010624554916044332
31	68	0.010559859457976828
43	55	0.010551110765419314
7	22	0.010502342712384288
25	49	0.010483657426303555
48	52	0.010481142819318917
55	67	0.010455118903284988
18	37	0.010439924849021953
45	61	0.01042591976639462
37	51	0.010348231980084777
11	24	0.010322300671856216
2	22	0.010308234428712565
53	61	0.010292427539544652
9	56	0.010276816762536778
16	77	0.010225935256101437
49	79	0.010193950344771024
2	28	0.010162430983781084
24	82	0.010149960462191326
35	60	0.010100627655566435
21	56	0.010055823392867785
4	45	0.010040563032728628
5	34	0.010037709316286947
41	45	0.009991344836887489
40	45	0.00997287723481216
40	61	0.009954229728489333
44	85	0.009837482835398814
24	81	0.009831982207670703
44	55	0.009824060433759246
45	62	0.009822790619064992
29	61	0.009792906325573753
24	28	0.009790088947775416
37	40	0.009784809543023354
47	57	0.00974210357516933
41	61	0.009729932384582418
49	78	0.009710643945096742
7	39	0.00970154787422342
21	49	0.009644040464801301
33	60	0.009624355104222493
1	22	0.009620440436165723
49	55	0.009596677879872173
44	54	0.009547685439379144
43	82	0.009514384517003122
4	67	0.009504669845705221
43	78	0.009487990076497865
9	14	0.00945628060577583
39	54	0.009446331439921685
73	80	0.00934725667819683
42	55	0.009346009177656656
17	81	0.009312129729161484
15	19	0.009308218583493039
49	60	0.009297977331320179
49	57	0.009286757453473155
24	30	0.009265704468776781
25	80	0.009263112237897497
42	62	0.009251451675793138
34	65	0.009250257432496023
29	82	0.009229310861173623
6	19	0.00920859854719902
31	62	0.009167010360878608
3	32	0.009138450475407844
53	68	0.009047070868045404
22	49	0.009036682472736035
34	52	0.008996741849516127
36	84	0.008992045596626974
52	68	0.008938893380570079
38	61	0.008936515617967794
59	62	0.008926932997168124
13	21	0.008911869307561437
41	56	0.008885100818078723
1	9	0.00886462748897715
9	68	0.008863702376803784
12	58	0.008849446930146249
66	77	0.00884323853553226
21	62	0.008841127958499034
58	78	0.00883345606990063
5	40	0.008822824775473914
49	51	0.008762210492980566
45	50	0.008747807990899303
42	45	0.008725560611008543
22	31	0.008703445074394633
48	53	0.008670620556093633
66	68	0.008661620889144489
8	24	0.008561265592415296
45	84	0.008524411508318258
42	73	0.00846623997950438
43	49	0.00844689485959152
22	73	0.0084246393210613
37	80	0.008419527440099245
24	44	0.00838332702049907
43	61	0.008375380857200049
1	26	0.008315437529999359
49	61	0.008308296067189469
41	48	0.008264705322401172
15	38	0.008190957171515995
16	19	0.00815432781531919
29	55	0.008120519891739009
25	78	0.00811186265900074
38	65	0.008098809199872214
55	66	0.0080843468848881
41	69	0.008057083593982522
2	70	0.008051667110999389
40	50	0.007963825290775106
17	27	0.007895253498832966
40	62	0.007894495512927813
43	74	0.007821750136106032
37	43	0.007812774233437236
45	59	0.007745085692244996
42	47	0.0077445603291325105
13	15	0.007738190607039258
53	64	0.007714159062212178
9	58	0.007693487399292515
50	83	0.007682153949966936
5	37	0.007668962767804599
48	61	0.007666067262136617
35	75	0.007652537895170175
34	55	0.007644324805231029
32	54	0.007636004542894731
13	43	0.007633369580089533
34	72	0.007627243645344395
50	78	0.007626128766930779
29	45	0.007616725892438808
17	22	0.007486289483976505
21	31	0.007485293256682096
17	56	0.0074660903476379825
24	57	0.007452055402103558
41	58	0.007398067855935914
74	78	0.007392851839917974
41	52	0.0073393661107220565
7	45	0.007313499413655111
31	79	0.007236082589761633
17	50	0.007221859253327079
35	50	0.007195844270207807
45	83	0.007185991690966509
59	60	0.007151427558662327
13	81	0.00714080225175226
45	48	0.0071241306167873775
40	84	0.007094358320760552
35	84	0.007045874172233568
24	45	0.0070019517380662255
23	36	0.006981739449510138
29	49	0.006976534949294927
2	14	0.006975640853086829
62	73	0.006975294183290265
29	44	0.006970339200677272
17	28	0.006945846353807683
1	59	0.006838770022387808
6	51	0.006833277542664884
6	31	0.0068189136102674575
10	14	0.006800707136046691
19	52	0.0067727803420750965
44	67	0.006753729591884222
24	34	0.006734539850788673
56	68	0.0066960560398626745
3	30	0.006592399413983041
53	59	0.006589910051717968
14	34	0.00653662664666077
4	11	0.006531268745487262
34	37	0.006513724931406506
13	16	0.0065054604320108345
65	68	0.006504373538528341
9	55	0.006501766060344055
22	61	0.006448655383855972
29	31	0.006415072875008032
49	64	0.0064124387580068165
9	13	0.006384913335759607
36	38	0.006379365135581683
80	84	0.006369886899998706
7	24	0.006313801989710016
52	69	0.0063110342301506694
12	55	0.006274067440215164
54	69	0.006241006496719076
22	43	0.006234090521956004
55	58	0.006232298238420614
57	75	0.0062103350175052585
12	30	0.006200573926826103
50	81	0.006196345263798919
39	58	0.006109491937263345
17	40	0.0060800342670320195
15	45	0.006076300511438898
4	14	0.006054837675272817
14	44	0.006049113025320851
54	73	0.006042702613524714
24	51	0.005966182077146026
24	46	0.005925004356612418
15	55	0.005864333250303444
19	42	0.005860090318154959
50	61	0.00578189761565473
62	81	0.005771981647642421
10	61	0.005759595656747579
16	42	0.005758247311610953
7	58	0.005757612020770797
24	32	0.005731165865237309
56	58	0.005702863131480468
12	78	0.005699462316888171
44	81	0.005660982472969395
15	33	0.005660857607300146
25	47	0.005659817269067974
31	73	0.005608073098152311
7	40	0.005530271266817155
1	14	0.005497023923863642
3	67	0.005481179653826246
31	67	0.005470329736009971
59	76	0.005402535798252062
45	68	0.005392965795061017
40	53	0.005388250326427285
44	49	0.00537301451376157
16	64	0.005361417204216429
19	54	0.005338253841525864
22	68	0.00531165790461352
2	19	0.005297767696618966
4	40	0.005233761780098184
10	52	0.005110580797013847
22	54	0.005105247102210969
52	73	0.005103388528798158
41	67	0.005094253834022816
31	45	0.005075206323658765
9	63	0.005054703147897077
34	57	0.00501491488717673
54	81	0.005009908117509926
13	56	0.004957370168141129
61	67	0.004955320657502621
15	58	0.004913886169626652
7	13	0.0048663611721762035
59	74	0.004831604041953319
47	70	0.004812062409215889
25	38	0.0047915024522114935
22	79	0.004784906366786551
41	49	0.004779129442358282
9	62	0.004766512899374659
29	43	0.004735695077236479
66	83	0.00469909536287752
48	78	0.004670815794273836
50	79	0.004664957983728679
44	57	0.004566202935077812
9	40	0.004527317172124262
4	50	0.004519388830394516
14	38	0.004513286581984105
44	58	0.004475537571499821
56	84	0.004473338694477941
41	46	0.004402190259904459
54	68	0.0043483807586972845
1	18	0.00434455775849818
9	52	0.0043396130419113554
65	81	0.004335932594416753
6	12	0.004265525068616022
48	56	0.0042538897784496765
47	58	0.004253636139515793
45	53	0.0041774907362455704
5	32	0.004141076864756371
29	65	0.004108162705731611
14	29	0.00407698025353917
40	52	0.004055317845274992
28	34	0.004049327713638584
5	52	0.003998001398335643
49	56	0.003995213642357165
44	83	0.003991413292094792
29	66	0.003968970779432868
59	79	0.0039479285645663
32	47	0.003941064749154954
54	59	0.0038857022205493474
34	84	0.0038648510296548366
15	81	0.0038601604293727887
47	59	0.0038331960532806963
28	81	0.0037629074533181983
7	54	0.0037518442695125276
52	83	0.0037436926916785407
29	39	0.003674117156831469
12	68	0.003654340690232044
46	77	0.0036469420935931196
26	38	0.003646497004230642
67	85	0.0036036377723344115
53	62	0.003574031551627388
7	59	0.003547714268656771
19	22	0.00351746632628247
3	16	0.0034779061075282947
34	38	0.0034701781035532675
21	54	0.003463560118492276
38	83	0.003428071035192798
29	79	0.003394147640308043
46	61	0.0033927135421399357
66	74	0.003377119806047879
11	52	0.0033720760005768458
6	84	0.0033567866635507704
24	71	0.003252189587027915
2	21	0.0032111274401411816
70	84	0.0031840286588181166
2	64	0.0031795851098034844
8	62	0.0031784976813037658
11	43	0.0031725708649423257
29	51	0.003153634132817773
21	29	0.0031430202194855095
7	41	0.0031366163911885347
44	52	0.0031326527548730665
1	50	0.0030577498542613546
35	47	0.003016609604393483
53	67	0.0030160007416769052
23	55	0.0029583379873898974
6	41	0.002953280617220305
49	70	0.0029023404689701437
57	68	0.0028934583939577707
37	48	0.002778983867095741
14	42	0.002716854791015938
37	69	0.002709510224663758
3	80	0.0026366269790759067
71	73	0.0026313594857643174
23	71	0.0026034341750315604
70	78	0.002590310690351705
21	46	0.0025788621921328803
65	71	0.0025430813348260584
39	56	0.0025267572780071357
19	43	0.002510119088279583
31	41	0.0024927190498824914
11	54	0.0024804481526344846
13	64	0.0024737119400059515
7	69	0.0024454523643213655
2	63	0.0023240990748440438
42	65	0.00232097305370621
56	75	0.002281346539171225
42	49	0.0022724742210739057
11	65	0.0022651176939905704
45	51	0.0022251924647949395
52	78	0.002217877171095478
54	84	0.0021830989691530023
24	54	0.0021829808972080866
46	55	0.00215657743316075
65	82	0.0021404917094758613
41	78	0.0021268268805582635
11	49	0.002108618139032986
32	85	0.002107146951518424
58	70	0.0020832498981034897
6	50	0.002082592964324864
55	61	0.0020792805520258584
4	44	0.0020374444780975887
50	84	0.002009985357043359
40	65	0.0020063382940149754
19	83	0.0019648072681187068
47	74	0.001923710728848227
29	75	0.0019219181699870747
3	35	0.0018687836556323667
19	61	0.0018507227929247527
72	73	0.0018315531469983715
23	85	0.0018159209388998176
15	51	0.0018093594653986467
15	40	0.001794858292403917
8	13	0.0017896352390575077
54	75	0.0017855689014286968
24	85	0.0017667202579703112
31	65	0.001752428525017946
43	76	0.001730212521724811
42	76	0.0017177127842818718
56	74	0.001669989133108063
1	68	0.0016425360711022907
42	54	0.001587537328302524
47	81	0.001571443510377496
11	45	0.0015622162633693037
39	45	0.001556206762873158
24	47	0.0015226075133790429
55	83	0.0014852349024255806
41	76	0.0014716679411239941
71	74	0.0014562458650593246
10	57	0.0014460511374535245
9	45	0.0013937269567212418
9	61	0.0013811855561632613
13	45	0.0013763743878662527
75	85	0.0013689915270277964
6	71	0.0013666947002392016
24	80	0.0013492659657106942
6	24	0.001319366056379584
73	74	0.001286014234702676
8	57	0.0012289688277295763
71	81	0.0012125562289625469
42	81	0.0011970437283947144
28	45	0.001128188922447343
8	17	0.001119555839002917
44	79	0.0010681355749068977
6	22	0.0010009092405812159
16	33	0.000994328723236959
2	25	0.0009268196354405289
11	32	0.00082541860910057
9	74	0.0007213189301402689
10	72	0.0007115064295883378
1	70	0.0007070941930190922
34	67	0.0006910398662240969
4	41	0.0006883514245156486
54	64	0.0006484290218287114
52	81	0.0006423264448447152
19	68	0.0006361001332043925
14	45	0.0006274075509030141
62	83	0.0005172781869892396
47	73	0.000514928256151681
40	46	0.0004946610047938671
73	79	0.0004739345843017828
24	56	0.0004631054733587048
20	42	0.0004565843641876899
25	67	0.0004484989825486452
51	61	0.00039985834433572953
70	79	0.00035408310640594465
18	57	0.00032980575774485543
4	57	0.00031003824473105346
24	43	0.00028814012899811003
8	47	0.00025071976848353716
5	57	0.00022123356710984643
11	26	0.00020796776980921972
25	46	0.00016732611142178389
22	30	0.0001620667495794148
35	53	0.000131342579721333
15	50	0.00013022444528870691
9	41	5.072588716173443e-5
45	81	3.0210232479871424e-5
50	71	8.185922424797099e-6
29	57	-7.93851860803052e-6
37	44	-1.7786786381007724e-5
22	45	-0.00010021954861588744
13	26	-0.00010839173841720173
4	29	-0.00014403820846384252
79	83	-0.00014603095123102983
9	53	-0.00015381686616386392
10	39	-0.00016069712458205432
11	31	-0.00016236676293091
2	35	-0.00018612492902608802
57	78	-0.00018878554854026564
4	38	-0.00020168559173580625
6	40	-0.0002404092194765728
15	60	-0.0002560514097817712
58	82	-0.00025860295375190745
7	50	-0.0002825462629309494
44	62	-0.00028630995813744287
1	54	-0.000305722186363766
5	42	-0.0003334190345112287
65	76	-0.00034161605275229157
16	41	-0.0003556974520977363
6	42	-0.0003590107887955496
24	79	-0.000364430098673596
45	70	-0.0003699615153586744
4	64	-0.00039907421927051767
2	9	-0.00040234508405387337
58	69	-0.0004294082755665618
42	82	-0.0004563274031163522
55	74	-0.0004594953402665969
13	47	-0.00047340438927323536
37	64	-0.00047704311843238534
7	20	-0.0004980122025066702
14	25	-0.0004980695616338404
1	48	-0.000522808227617938
17	61	-0.0005363140060736238
24	61	-0.0005767676653853915
14	41	-0.0006900943480491195
17	45	-0.0006933934650175388
4	42	-0.0007190780949127562
9	76	-0.0007390977618740302
13	48	-0.0007814211890629641
11	46	-0.0007885819756487666
66	73	-0.0008373580426740412
79	82	-0.0008404584156561645
19	48	-0.0009102599545080525
22	51	-0.0009234356537757282
48	67	-0.0009335172498860789
9	79	-0.0009490763630984889
39	74	-0.0009844672380968644
8	61	-0.0009924511275160308
49	83	-0.0010115095053447598
65	73	-0.0010396186452763523
47	78	-0.0010627356883174677
2	7	-0.001070261905210118
51	69	-0.001083393083582046
45	58	-0.0010942424718316246
20	84	-0.0010976588603539283
22	44	-0.00112807221818495
5	39	-0.0011833041759922447
40	56	-0.0012092738200427944
16	61	-0.0012093360208245696
49	82	-0.0012283038427011728
30	82	-0.0012371541051504065
2	79	-0.0012519257282057883
29	38	-0.0012952806432121045
64	70	-0.0013103868272060781
48	55	-0.0013449836433718498
10	43	-0.0013712983590516425
7	52	-0.0013978584393535554
67	81	-0.0014170939694649887
10	66	-0.0015576591245768934
2	52	-0.0016359640518031349
47	71	-0.0016496802661217502
1	55	-0.001661936563865582
23	31	-0.0017352384401401189
15	65	-0.001776396854033746
17	62	-0.0017931484845829238
31	47	-0.0018068554780308888
48	74	-0.0018088238589188121
44	74	-0.0018113385482022015
61	74	-0.001837869271563597
45	72	-0.0019307880853157156
4	43	-0.001945205745999573
2	51	-0.0019499283116699018
1	21	-0.0020791251631561147
8	63	-0.0020969644151665467
4	51	-0.0021053831430856984
54	61	-0.00214877832097346
40	72	-0.0021511475143498604
39	47	-0.0021711107752849235
35	41	-0.0021780932337613357
41	55	-0.0021987193151929707
15	56	-0.002199439372522871
58	68	-0.0022225468485631283
2	66	-0.0022552546102456716
22	25	-0.0022560188004561166
9	54	-0.0023052094735841744
57	62	-0.002305987363615619
7	17	-0.0023131242405173558
64	68	-0.0023224341600911746
56	66	-0.0023536744704411583
17	49	-0.0023690735189853263
1	19	-0.002414076075208965
53	76	-0.00242396269871184
5	55	-0.002429953696062692
10	22	-0.002432734149585475
47	68	-0.002471718912320592
56	62	-0.0024865214165612215
26	39	-0.0025254387297728442
66	69	-0.0025478304151979048
5	48	-0.0025518536616870313
19	79	-0.002562999999714405
7	48	-0.002572787942300009
40	67	-0.0025985326053444002
19	32	-0.0026012112758541095
59	69	-0.002657436009162212
16	37	-0.002685807572802512
4	17	-0.0027008738467187154
11	64	-0.002712792760637489
12	57	-0.0027141531134930452
51	59	-0.0027214985515869594
2	18	-0.002723776747918377
42	61	-0.002725041388628391
14	40	-0.0027821140891150786
45	67	-0.0027899293582847318
13	40	-0.002821472605394143
5	59	-0.0029180667767472745
24	48	-0.0029267325604088457
11	42	-0.0029938270003513068
3	53	-0.0030362738835221226
26	82	-0.0030402093109702932
18	81	-0.0030583234803815418
26	84	-0.003116658324995608
72	75	-0.0031282650815150914
61	75	-0.0031330835623052944
68	75	-0.0031371448261622303
17	66	-0.0031992510036099875
44	60	-0.00320977582915119
27	39	-0.003264644037690334
38	67	-0.003314247327816572
23	66	-0.0033173697815530034
13	69	-0.003501195536493612
48	57	-0.003525799989702094
73	81	-0.0035374481298004745
23	76	-0.003571039652697394
81	85	-0.0035838096109017392
40	49	-0.0036002271848966927
5	10	-0.003605746961142353
39	49	-0.0036277396649647686
78	81	-0.0036421923765641573
53	85	-0.003642820343192743
61	65	-0.003667641006708827
32	78	-0.0036804393385204692
14	79	-0.003724316598251398
36	76	-0.0037288064540950128
24	55	-0.0037302036937796323
9	66	-0.003825492310727152
41	81	-0.0038587396729954093
53	79	-0.003876235247401494
9	50	-0.0038830616208572755
42	79	-0.003900649671831985
43	50	-0.003913112225516324
68	81	-0.003940478283161963
1	49	-0.004000260289129448
27	81	-0.004033729490717286
5	29	-0.0040632377671500075
7	84	-0.004076728463587059
41	79	-0.004077046426192776
52	58	-0.004104819561715933
22	59	-0.0041077166623279815
17	63	-0.004131064400611978
13	61	-0.00413768182723373
41	85	-0.004138660528570426
54	70	-0.00415623773238899
72	76	-0.004177302399528737
62	72	-0.004207468999445518
40	48	-0.0042122426680107905
17	38	-0.004226897222327719
46	58	-0.00424577878313373
39	61	-0.004292524946711257
13	68	-0.004353366857568708
6	54	-0.004358854710613369
48	81	-0.004401672818164171
7	63	-0.00440491687156519
10	67	-0.004459065517175564
27	34	-0.0044619513712584324
49	84	-0.004468699729071546
2	40	-0.004490006626542448
43	79	-0.004499523101626268
30	63	-0.004544731735369095
31	82	-0.0045577969918192685
8	83	-0.004600726990678428
21	81	-0.004630318396101202
12	64	-0.004650993390942826
52	62	-0.0046809586401656555
28	40	-0.004719302975931261
7	42	-0.004745370212419664
17	76	-0.004787453600216762
57	63	-0.004790548712408416
1	15	-0.004793459063647476
31	84	-0.004793555351626566
4	55	-0.004808925331854397
1	66	-0.004812469210072862
46	84	-0.004815654406431752
48	79	-0.004857726123562639
48	62	-0.0048621869143928576
7	46	-0.0049305505715397935
32	49	-0.004953645012901381
23	32	-0.004958866338962975
5	24	-0.004975298277272583
27	45	-0.004977071577469155
32	55	-0.005020207573562224
7	29	-0.005021353727488437
60	66	-0.0050257147444196515
21	83	-0.005032892050883947
18	47	-0.005070971144509051
33	65	-0.005095074540465844
68	76	-0.005121823760224797
45	79	-0.0051779739347309894
17	47	-0.005188852695832802
27	49	-0.00519651211527053
36	51	-0.005251294664795264
1	11	-0.005290075683901635
56	64	-0.00529534368928769
40	59	-0.005310729279087656
5	50	-0.005347875476026276
10	34	-0.005376391107325962
24	41	-0.005383307779171204
24	66	-0.005413996978287816
5	43	-0.005439762175278529
45	78	-0.00544547494449793
29	72	-0.005445969042515264
13	78	-0.00545431127536411
15	34	-0.005459358104186046
24	68	-0.005537741821901032
13	54	-0.00553856366897193
45	71	-0.005569646060252315
44	76	-0.0055714954284309115
38	51	-0.005575621658130164
39	52	-0.005584160593814169
38	80	-0.005602805678588063
14	31	-0.005635092075822301
39	60	-0.005668752622415951
65	85	-0.00569660002437819
11	70	-0.005706996031444034
56	60	-0.0057195599281003595
6	53	-0.005732057719849859
42	56	-0.005744245288610311
5	85	-0.005849798601475414
7	15	-0.005871101517876287
8	52	-0.005874901984167458
15	57	-0.005895570773442799
1	56	-0.00590753498904531
14	24	-0.005922049141615232
57	73	-0.005957216063149473
73	76	-0.00597360043574241
17	58	-0.005991648123260557
15	46	-0.006009392249716916
11	69	-0.0060144578064866006
44	78	-0.006016999206811119
17	73	-0.006032938154971856
71	83	-0.006054881204679646
43	58	-0.006064255834004689
4	68	-0.006069263208547421
38	84	-0.006096874210715336
17	53	-0.0061068679876590815
54	78	-0.006107394463699872
12	45	-0.006184111425085431
40	81	-0.006191799094051181
2	33	-0.006217836805334664
77	83	-0.006242514475805566
50	68	-0.006255162687761773
45	60	-0.0062595168890322295
18	83	-0.006279452836405408
12	34	-0.006290029535118036
1	84	-0.0063042395355521474
12	40	-0.00630533903468064
55	70	-0.006306187037158323
11	67	-0.006310104178417819
25	54	-0.006320897036290796
21	23	-0.006322764992862356
24	42	-0.0063270687680191395
43	62	-0.006338815493864669
36	78	-0.006394709499021045
68	79	-0.006449066800905762
30	47	-0.006460064961615414
9	60	-0.006497624942437358
39	55	-0.006511813327461147
21	50	-0.006518126228568427
20	54	-0.006550307996509547
11	40	-0.006557434858685651
48	63	-0.006632245195478476
13	55	-0.006636415523152667
67	73	-0.00670347437425689
42	58	-0.00670828988363753
21	67	-0.006715146206908662
8	54	-0.006751699411959078
62	67	-0.006763830085137895
5	61	-0.006769411648435725
43	51	-0.006785938646534456
50	72	-0.006828436522504117
54	58	-0.006831678179677891
52	70	-0.0068557909788210525
37	63	-0.006862069363805318
62	80	-0.006869477537039509
21	32	-0.006893859588168683
45	74	-0.006918671736294374
17	74	-0.0069249875375071435
23	79	-0.006983937357545877
46	59	-0.006994055423715145
13	29	-0.007061997090471089
21	78	-0.007093478792867147
32	39	-0.007143173512654144
10	81	-0.00718645850657193
24	78	-0.007201507506358146
40	58	-0.007214021355563205
33	83	-0.007218832649141471
15	72	-0.007220905448536846
36	45	-0.007229712999876681
38	82	-0.007267060568327682
51	79	-0.007289344323282376
46	81	-0.007310871867393903
18	56	-0.007329697970703902
26	32	-0.00735720576739568
58	71	-0.007380624066568697
4	71	-0.007387019021872332
41	53	-0.007394846704995517
10	85	-0.0074219710857745536
33	85	-0.007437990453175974
44	84	-0.007440990178044088
21	69	-0.007442843656661535
4	15	-0.00744365452667739
4	12	-0.007454682908467708
56	61	-0.007478407185748381
45	75	-0.007489626186037518
35	46	-0.007492252760291501
17	42	-0.007492891792628603
11	39	-0.007496413474072178
2	15	-0.007546772361837761
9	39	-0.00754845860845349
34	54	-0.0075685593682883745
29	42	-0.007593492163400328
40	54	-0.007611314949739878
15	28	-0.007611414065543387
33	43	-0.007634215115700532
24	75	-0.007691375180375493
42	57	-0.0077093223812901845
1	44	-0.0077216168761952975
19	81	-0.00772977455710866
7	72	-0.007736785540948615
35	37	-0.0077406103722688635
38	45	-0.0077417863092626715
62	66	-0.007752562419465259
21	79	-0.007759430402229428
30	72	-0.007815817667660985
32	61	-0.007832628446802326
48	84	-0.007848026119222001
11	74	-0.007860908668147176
11	48	-0.007886860790560252
64	76	-0.007887935729933543
11	21	-0.007892165511251159
23	39	-0.00789432100956411
15	64	-0.007914607354127218
13	75	-0.007915411613787282
74	75	-0.007944616384339437
67	84	-0.007967443765530546
25	45	-0.007984119168594372
41	83	-0.008014716776314323
13	44	-0.008017368405458386
2	55	-0.008023461470043902
64	74	-0.008061419494797939
59	63	-0.008063125931908333
29	41	-0.008068934414404205
14	19	-0.00806936705710809
15	44	-0.008075241860406174
10	53	-0.00811991146252014
37	78	-0.008126253156725105
17	68	-0.008131236906686656
66	75	-0.00816529907500807
12	67	-0.008182245569314794
67	80	-0.008230493318056586
12	28	-0.008237551993925563
54	67	-0.008252264211351779
12	60	-0.008293900685180988
31	83	-0.008326589074509283
69	84	-0.008338021109974225
1	60	-0.00835695719906912
37	62	-0.0083817479672664
7	66	-0.008384931929739159
18	72	-0.008396604101436778
19	75	-0.008418924893529162
59	75	-0.00841902884803758
11	57	-0.008423766349579476
14	85	-0.008432867168303299
30	56	-0.008449893390917174
56	73	-0.008463119075664105
7	14	-0.008509021442534542
3	19	-0.00852649049426521
15	54	-0.008529800978811286
15	35	-0.008543815199696686
6	11	-0.008574512778041082
13	17	-0.008577057838359853
11	56	-0.008613536090778418
34	83	-0.008622086742829299
55	63	-0.008622423862697376
7	67	-0.008628799619185973
34	56	-0.008640257107841581
13	31	-0.008642412570937619
9	49	-0.008671489442446279
49	66	-0.008680240444191578
23	38	-0.008682645794989008
53	69	-0.008693741752971496
68	83	-0.008694603789426214
48	65	-0.008698070218240372
5	49	-0.008702623454259484
31	56	-0.008722869193387078
33	34	-0.008725885970526093
36	58	-0.008736840289603864
22	83	-0.008755674352374676
59	78	-0.008758939107086278
70	83	-0.008763636507363892
38	52	-0.00876868028897168
25	31	-0.00881679567925897
29	80	-0.008851667856962897
31	54	-0.008867242018266136
60	85	-0.008873651701242352
19	39	-0.008919048181716571
35	43	-0.008928125175244356
29	48	-0.008944061731507719
67	78	-0.008964052027688768
39	50	-0.008969928800991372
3	15	-0.00899144807425839
32	37	-0.008999788808371878
32	42	-0.009038177852938839
16	28	-0.009044614541790896
10	32	-0.00909241510308742
57	81	-0.00915981649485198
70	75	-0.009212434808711284
3	42	-0.009241737625384577
2	56	-0.009284588368756536
1	10	-0.00929138924927228
28	84	-0.009294437123931937
67	75	-0.009381273306921734
19	29	-0.00942427359276135
10	55	-0.009426827820541023
20	55	-0.0094441876107004
3	12	-0.009445006126728245
38	66	-0.009471153687139355
50	76	-0.009486007838808264
36	44	-0.009492815104590657
48	64	-0.009503249348172788
22	78	-0.009559263886389474
17	46	-0.009624658415413767
24	29	-0.009667389964914064
13	37	-0.009716061932144027
4	81	-0.009718930135696496
8	50	-0.009728674795807551
34	41	-0.00973975486844092
25	75	-0.00974347873946646
24	53	-0.009761543036333142
1	35	-0.009772679626066066
14	56	-0.009782250693485761
59	71	-0.009799916683324472
1	37	-0.009803619887383541
5	9	-0.009805777518958197
57	65	-0.00981095310632804
18	23	-0.009846853204824951
19	34	-0.009855856563915771
11	51	-0.00986087984334702
21	28	-0.00987625091544389
38	54	-0.009906660822684071
6	56	-0.009910624950144803
6	21	-0.009913585889788579
14	46	-0.009929920199761938
53	73	-0.009997768965164244
9	25	-0.01003852483675341
32	80	-0.010050182705967026
7	11	-0.010077012588258272
53	63	-0.010092859460612863
12	31	-0.010103563226123324
4	20	-0.010126479770714208
12	74	-0.010141340707210789
23	69	-0.010175457338884614
15	67	-0.010197299393761877
34	64	-0.010207461024206915
25	59	-0.010236097798935306
5	16	-0.01024330129736592
67	76	-0.010245933307151345
12	42	-0.010261762932774615
22	42	-0.010278143659801536
26	75	-0.010283560328384317
63	74	-0.010300030669875448
5	38	-0.010345554797077605
9	31	-0.010375756531215002
24	70	-0.010391408594561752
79	81	-0.01039655184257171
1	52	-0.010430506539673298
42	84	-0.010444609175024905
77	81	-0.010464692172160422
8	39	-0.010465769961499477
62	65	-0.010538141635441672
15	68	-0.010540116871367439
56	83	-0.010552859769054984
52	76	-0.010556740843728846
51	81	-0.010566862724129267
11	84	-0.010587655482732383
2	77	-0.010621001329820884
40	78	-0.010623865340766925
20	32	-0.0106328810066319
24	50	-0.010639811754437872
1	62	-0.010762045449137989
13	57	-0.010829369128503352
36	47	-0.010838899666735596
46	68	-0.010856403007356352
5	70	-0.010911403146555254
56	81	-0.010967492519127015
25	81	-0.010970804627005781
4	34	-0.010989810948348305
56	78	-0.01099647554517122
19	70	-0.011049313314676956
9	48	-0.01105325478648389
31	38	-0.011078791693104328
2	53	-0.011082909788955597
25	66	-0.011095253632709579
31	37	-0.01109718873273563
46	62	-0.011121444153578491
2	57	-0.01113626996526157
14	53	-0.011139329589355818
48	70	-0.011174505938748386
10	64	-0.011198962126973522
12	69	-0.011212405895819538
15	69	-0.011223297357929651
29	84	-0.011231581579030064
32	45	-0.011276590697643585
46	78	-0.011287480604364186
11	58	-0.011309384988441085
15	78	-0.011330503629935179
10	65	-0.011339638325210122
17	60	-0.011342666956859176
9	70	-0.011363337163878384
52	59	-0.011368285016158053
34	43	-0.011388565265772588
42	74	-0.011402645741869638
13	32	-0.01140764790720497
22	35	-0.011432021358979277
21	34	-0.011484204215938432
24	38	-0.011484547059319672
48	76	-0.011489689678253867
15	76	-0.011515064914082496
29	78	-0.011525501088344964
35	82	-0.011558887208350244
14	58	-0.011559671606360955
35	45	-0.011588035780948636
36	65	-0.011592882796760795
9	24	-0.011603246357651364
17	51	-0.011634160071603089
61	81	-0.011678815323236585
48	83	-0.011732787593141475
7	70	-0.011744908715451724
34	82	-0.01174731730148304
42	60	-0.011773042427439984
2	29	-0.011809113333773769
2	17	-0.011815138666086855
8	81	-0.011826408734557647
71	82	-0.011828561966024137
3	11	-0.011833731921570056
43	60	-0.011865550076433445
4	46	-0.011866125796936994
6	33	-0.011873828809092907
1	27	-0.011909082798201298
33	57	-0.012010646385037044
13	39	-0.012075885178593038
4	47	-0.01209824976940721
59	68	-0.012103252963245104
5	82	-0.012109842477312643
15	85	-0.012145109629961875
36	79	-0.01217354126244119
37	42	-0.012179229501638772
32	36	-0.01218959654969759
56	76	-0.01220938581945441
4	36	-0.012266278063799152
14	59	-0.012271969244095488
30	49	-0.012299069744974495
44	72	-0.012309964493579933
75	83	-0.012336434320866119
4	25	-0.012367656106743119
51	84	-0.012389737925302624
73	84	-0.012452764372607172
31	70	-0.012492713484845874
4	53	-0.012514690276193091
6	80	-0.012543681733321627
58	65	-0.012557737826199872
48	73	-0.012561933784394491
25	40	-0.012586506982106088
54	74	-0.012589281446308193
26	49	-0.012606481346041642
44	66	-0.012635292596267916
8	48	-0.012642776332850575
24	40	-0.012650070023937282
59	72	-0.012660239464659523
29	62	-0.012697181401528423
58	63	-0.012725895488546274
31	49	-0.012727133579585853
24	59	-0.012734809556052662
38	64	-0.012735454639984573
10	47	-0.012735861351026473
2	44	-0.01278326985256012
16	48	-0.012798213493375954
45	63	-0.012805880415837731
16	80	-0.012808479573528847
6	65	-0.012824213977147503
34	61	-0.012829044887353924
9	30	-0.012847220431108836
10	40	-0.012905161064028697
4	56	-0.012908023255905426
32	52	-0.012918350096332687
61	84	-0.012924766258983922
32	67	-0.012930518112595019
40	83	-0.012941397143842653
7	83	-0.012962469875757332
37	75	-0.012977036576717504
3	70	-0.013021678341838205
58	80	-0.01304014328601466
17	70	-0.013048697541622495
42	69	-0.013092202018416071
25	32	-0.013197733089595765
79	84	-0.013203025401052643
9	38	-0.013241497760568516
7	31	-0.013268312251605935
23	62	-0.013282636644265516
53	70	-0.01329170925739881
5	64	-0.013303084680646254
35	67	-0.013312581121472933
27	78	-0.013313157516337437
38	79	-0.013318048504364577
8	29	-0.013343260760015296
6	61	-0.013345319851826715
25	84	-0.013354387556182762
57	71	-0.013392827491478243
1	17	-0.013441231912293211
16	56	-0.013447650304797942
60	80	-0.013457458526749622
12	38	-0.013462102927341846
20	47	-0.013479027023481999
7	65	-0.013494001467902333
64	69	-0.0135035920188665
49	65	-0.013532141864739194
11	20	-0.01354769698590591
24	67	-0.013600476157308639
49	67	-0.013638173942097903
23	63	-0.013657225938410955
13	50	-0.0136626098994167
9	78	-0.013670025245915485
15	75	-0.013703688493855781
35	64	-0.013721177160036568
63	84	-0.013732823633539393
59	67	-0.01376349251781453
7	75	-0.013778127664613643
42	72	-0.013786272772370628
25	41	-0.01380391896463612
14	17	-0.013831106565311668
41	66	-0.013849589252230038
43	67	-0.01387073266607547
3	83	-0.013897085402066661
50	69	-0.01391086523318577
14	55	-0.013927263689035768
15	61	-0.013948313949096597
36	49	-0.013951046310879872
66	84	-0.013975519509451945
2	58	-0.013982633285319623
25	50	-0.014002365033864234
18	21	-0.014003078076021774
32	64	-0.014024107330429664
52	60	-0.014045747050931784
2	48	-0.014048437346544762
71	79	-0.014052967665508675
1	78	-0.014055995254195486
17	35	-0.014063171543446606
8	33	-0.014085123970453556
51	64	-0.0140898430122873
5	71	-0.014091048450049354
15	24	-0.014094135388388412
38	49	-0.014129568937712167
47	76	-0.014195603978533256
18	32	-0.014220272353246993
8	56	-0.01423477330585432
63	68	-0.014264640902354492
33	52	-0.01428323728907993
15	48	-0.014301383356337155
42	77	-0.014390965507196318
40	74	-0.014409793712377522
13	51	-0.014425567148056567
55	81	-0.014426771635176111
61	76	-0.014446882542329953
26	67	-0.014475127402136578
15	41	-0.01451299856120769
62	84	-0.01457118009180905
12	54	-0.014581179698482466
9	32	-0.01458883231959665
31	59	-0.014591945438030218
14	68	-0.01459315941731873
68	69	-0.014606022434290683
15	52	-0.014612536836973444
56	71	-0.01464163628720902
8	76	-0.014667475738176478
7	74	-0.014669402648182173
66	70	-0.014690053131665326
15	21	-0.014696131914681498
68	73	-0.014710198256914164
37	47	-0.014719340817410248
65	84	-0.014758106360756057
24	49	-0.01476755784344791
5	45	-0.014769327480624872
67	70	-0.014884152986317234
11	30	-0.014912738378921181
55	60	-0.014917058685909618
13	46	-0.014952314956479057
29	64	-0.014957968569843105
22	63	-0.014962738281932175
34	59	-0.014969917700794588
1	65	-0.014999110504791136
47	75	-0.015008974830305444
37	59	-0.01503679343882186
50	63	-0.015090349522826757
42	59	-0.01510455001305902
19	33	-0.01510901505384285
41	63	-0.015112025635043963
11	41	-0.01513140084007944
38	77	-0.015143679197477444
20	52	-0.015202096931366704
46	60	-0.015216277735264128
17	29	-0.015248055471369953
8	40	-0.015252565137978041
10	62	-0.015260387815248688
53	74	-0.015268640852253879
24	77	-0.015270979587097
62	75	-0.01527135805525126
33	67	-0.015277180161212628
10	29	-0.015291549038122465
62	74	-0.015301784920772582
37	50	-0.01530585742140092
61	72	-0.015328473683224236
29	47	-0.015331485698309832
13	42	-0.015402744818512282
15	47	-0.015405519236818876
31	69	-0.01540734396045329
13	52	-0.01545236919788845
39	46	-0.01545711133619182
62	68	-0.01547007722287111
58	81	-0.015472297312556116
5	25	-0.015496333914539834
19	76	-0.015496706233126045
1	45	-0.015498463597630088
34	47	-0.015507024400294694
31	74	-0.015512771469276154
24	31	-0.01552201819874538
50	85	-0.01552973704616048
58	79	-0.01556751563922093
34	62	-0.015603149759851498
71	77	-0.015608762613482596
46	73	-0.015611047819900081
4	33	-0.01563475790688562
1	57	-0.01563884869220293
8	45	-0.015647635022030537
11	85	-0.01565060208701277
2	74	-0.01567294410750858
29	40	-0.015679342315278927
15	66	-0.01568549947800474
18	40	-0.015710399899409866
2	12	-0.015715366176324935
10	56	-0.015743987479564514
12	85	-0.015756520095166454
2	59	-0.01575844507407731
33	68	-0.01577255568524813
72	80	-0.015856845990050772
53	75	-0.015859581965965486
49	69	-0.015861405181894966
34	49	-0.015868026686591347
13	41	-0.01587434215086736
16	84	-0.015908220925386518
45	76	-0.015910798920703656
1	16	-0.01591236556957043
11	81	-0.015930369394740213
10	79	-0.015932123813092197
6	45	-0.01596627172854817
3	58	-0.015973717329071907
11	37	-0.015974033224656153
74	77	-0.015977146788841712
23	81	-0.015981151284041956
8	55	-0.015983888300302146
4	35	-0.015984943580405836
9	69	-0.015990680955967534
34	68	-0.015995594194761403
51	68	-0.016016949380860068
32	63	-0.016029837122260304
16	29	-0.016031878157928225
7	73	-0.01605159100062764
67	74	-0.01608800460417803
20	22	-0.016113555549110065
47	72	-0.016133327708662132
11	35	-0.016141463927261845
28	58	-0.016183334086059764
16	66	-0.016246543508549538
20	64	-0.016275893822842252
43	83	-0.01638167381804767
38	55	-0.016384310080533065
31	48	-0.01641607209729551
5	46	-0.01643253475310283
13	74	-0.016433496224527694
29	50	-0.016442885774178462
10	46	-0.016451060434996945
18	78	-0.016483989733315885
1	80	-0.01650494399843519
31	44	-0.01650698665960318
10	38	-0.016533314316912462
8	79	-0.01653420794635188
2	24	-0.016536838240821222
21	51	-0.016591714497956878
68	84	-0.016606796773932148
19	31	-0.016608461830740107
47	84	-0.016609587561404487
22	40	-0.016645313087025354
17	77	-0.016661414033542155
12	83	-0.016707082577208515
20	51	-0.016711116283394
38	57	-0.016751534110071298
3	41	-0.01679885192787714
47	60	-0.01681027917729455
4	79	-0.016815932129975286
4	65	-0.016866986945894058
44	75	-0.016930442898634684
24	84	-0.01695089401843078
31	58	-0.016957092832657644
4	76	-0.017022188795182247
34	79	-0.017089819523348954
46	83	-0.017128894222838337
18	53	-0.017139321658505208
2	43	-0.017159916092885696
15	70	-0.017161072000942718
19	74	-0.01717058180716413
57	84	-0.017186280420906808
43	84	-0.017223590425651636
17	24	-0.017291185389174846
5	51	-0.017395929012022332
14	48	-0.01744129480066184
6	38	-0.01748745951787875
26	60	-0.017503878801243822
3	13	-0.017542020058835622
57	67	-0.01756088232116365
69	72	-0.017569828239692276
41	74	-0.017592864273755615
14	49	-0.017629928113948562
50	74	-0.017630683946909947
3	79	-0.017650348499664792
55	69	-0.017667473759612945
16	40	-0.017677150972425365
37	68	-0.017700922531197982
14	43	-0.01772409330141486
57	72	-0.01778114034836853
22	84	-0.017786459342966965
65	83	-0.01779245500010046
40	80	-0.017809099524207006
33	53	-0.01781669790032328
21	63	-0.017857864425748354
3	45	-0.01790032970400665
33	70	-0.017901209359375864
7	33	-0.017939658148479948
26	71	-0.01794873353152332
1	58	-0.017966778413544993
27	68	-0.018018198447971034
3	54	-0.0180187452733091
4	13	-0.018019261683361154
50	67	-0.01802889519988446
11	34	-0.01803036905145139
4	83	-0.018061689645059026
15	32	-0.01816839852397409
15	22	-0.018170611988883506
9	33	-0.01817166350397803
28	68	-0.01817352697564356
15	73	-0.018195278759325195
46	57	-0.01819631494860166
1	85	-0.018237814755880447
15	42	-0.018240227863041913
60	64	-0.018253509188927125
18	76	-0.018284091547961484
38	78	-0.018317111254909424
51	63	-0.01833413895249475
55	76	-0.01833865903709994
56	69	-0.018340910086801138
12	52	-0.018358135392844144
34	44	-0.01836287347470264
38	59	-0.01838820844390654
2	45	-0.018409678174260313
5	53	-0.01844597835190212
1	34	-0.018477888646812324
25	82	-0.018487478441706562
37	53	-0.018492697737561903
8	41	-0.018497777782117447
35	78	-0.018536323464927257
20	78	-0.018545078496374656
13	62	-0.018569964398667815
21	82	-0.01860955868289399
13	71	-0.01870521043662768
53	72	-0.018712092746103692
19	71	-0.018717723429952565
54	65	-0.01874233746573356
50	59	-0.018852341235842646
7	35	-0.018894473603061734
47	67	-0.018896548160050985
8	67	-0.018897854765163896
65	77	-0.018961522763254635
19	38	-0.018988015764283328
21	39	-0.018994106065209404
4	72	-0.018994448050586393
44	80	-0.019016170537159705
21	74	-0.019018135561468003
5	44	-0.019042599564308205
28	56	-0.01905571237169265
58	85	-0.019070734813006918
72	82	-0.0190713191387675
19	46	-0.019080430139447435
35	62	-0.01914176454024094
2	68	-0.019187103627259505
2	32	-0.019212187334732317
16	45	-0.01922579201652516
26	45	-0.01922840193829689
2	49	-0.019245614724369864
9	34	-0.019246842616420567
78	83	-0.019258290890819374
9	36	-0.019267250979232375
5	27	-0.01930274009674643
22	50	-0.01931455680434105
5	13	-0.019328440992169876
3	44	-0.01933010802223384
6	15	-0.019337485613892258
12	43	-0.01936878534409492
1	61	-0.0193990367155725
1	41	-0.01941372478031872
3	59	-0.019452744088277435
14	54	-0.01946448484040575
5	83	-0.019486493435136892
5	11	-0.019532776526257845
11	36	-0.019539944900192646
16	50	-0.019561895035855342
10	60	-0.019594798449911632
37	56	-0.019616405097077766
5	72	-0.019682538950155593
2	39	-0.019695370640769566
70	76	-0.01973424137331592
64	84	-0.019743330923645774
53	81	-0.019788329989481768
45	69	-0.019798389513220174
29	46	-0.019798872976421383
39	81	-0.019839284371017313
48	77	-0.019844809204655256
17	84	-0.019860660371758015
23	64	-0.019881039959987745
62	77	-0.019884876013602754
53	66	-0.01988949873965526
39	76	-0.01993164807128725
8	64	-0.019945747248932694
66	81	-0.01995823500231389
32	38	-0.019967909604913042
4	28	-0.019990296056304924
10	50	-0.020003612994934916
14	69	-0.02001308467169008
2	61	-0.020015039253452743
54	66	-0.02002313870163655
6	44	-0.020025485346593014
61	83	-0.020033831564262528
47	66	-0.02004635953682493
52	63	-0.02009751737126317
37	77	-0.020119900122341272
45	85	-0.020137360827446632
60	74	-0.02014635415240129
52	72	-0.020161571534021205
49	81	-0.020176704888745012
13	63	-0.020177401145809543
36	67	-0.0201826157434854
18	28	-0.020226411980322656
20	41	-0.02024618328264169
8	59	-0.020249440265016627
47	79	-0.020262071771953494
10	74	-0.020270116109018604
30	48	-0.020286468382435446
2	50	-0.020300093052636525
19	67	-0.020313327048875424
6	16	-0.020367784514763787
4	16	-0.020410065472571404
35	80	-0.020418366669175098
29	33	-0.020435163403985213
2	80	-0.020470398295105108
5	67	-0.020489051191670743
25	64	-0.020491281340073608
5	84	-0.020500302383828828
22	70	-0.02050053305254465
30	45	-0.020545068029472285
8	35	-0.020562894444113217
50	65	-0.020584452499813416
30	43	-0.020600367934807018
31	52	-0.020600390980475808
8	43	-0.020604290750449256
1	47	-0.020612197932703413
18	85	-0.020638678916402087
41	72	-0.020682532761335387
34	51	-0.02068697341184264
6	74	-0.020714563922771295
9	51	-0.020745968268565868
39	62	-0.020752414081954607
64	83	-0.020806314522916092
16	27	-0.020813890674793833
40	60	-0.02082993437245398
39	57	-0.020832218898735183
31	55	-0.020870676136455324
33	61	-0.020884280108482645
10	26	-0.020888310317724867
37	54	-0.0208992107203958
27	84	-0.02091242422640166
54	80	-0.020916496501552556
30	66	-0.020978546434897438
29	81	-0.020982395304045304
10	42	-0.020984943747627022
41	84	-0.020987015782105184
64	85	-0.020987940118359832
25	62	-0.020996087847315326
23	35	-0.021017247221469026
21	65	-0.021101439956414586
7	78	-0.02111562524675259
1	51	-0.02111805391243715
24	64	-0.021125552475704384
17	78	-0.02115394263481521
78	84	-0.021183248812026267
8	31	-0.02119883321559493
59	77	-0.021200087345839613
69	74	-0.021214354198588525
18	70	-0.021214646613986365
18	25	-0.021218388540269223
47	63	-0.02122819996134842
39	71	-0.02123027535485933
23	78	-0.02124796843847923
7	80	-0.021256095403426684
19	41	-0.02126177863080836
10	63	-0.02127435436060604
52	66	-0.021295034587829997
23	74	-0.021303987123155677
1	53	-0.021319929088798886
33	45	-0.021331439439684616
52	75	-0.021334176298155927
45	65	-0.02134487591908865
4	32	-0.021360020414360276
3	31	-0.021360073014845382
14	72	-0.021366641117507218
33	62	-0.021381288689582778
9	83	-0.021385017549118368
23	45	-0.0213890323413507
8	44	-0.021389733392699617
17	25	-0.0214000844977546
30	69	-0.021406904490471917
9	35	-0.0214431903168531
9	75	-0.021444555759305345
12	24	-0.021511336428090028
10	24	-0.021515392176266357
12	49	-0.021521655010410562
29	85	-0.02153168227786953
25	43	-0.02153396524849721
6	14	-0.021554660789346647
27	58	-0.021580715704381415
62	85	-0.02159574532219863
21	60	-0.021596986457206924
21	75	-0.021602793991104485
17	83	-0.02161577543155141
60	72	-0.021638115987610562
42	63	-0.02166493309941339
18	55	-0.021676858615292893
28	48	-0.021706427961221353
5	56	-0.021709509491606188
16	72	-0.02171825695807389
34	78	-0.021755058137520294
57	76	-0.021764811855508742
21	58	-0.02177494480894726
65	75	-0.021779820903420205
6	36	-0.021794105359431215
63	72	-0.02180008713365203
12	29	-0.021804148429999504
46	79	-0.021825420182657346
20	43	-0.021850204435548803
34	70	-0.021890170001922227
2	13	-0.021915646672133332
70	81	-0.021944909034168597
16	21	-0.021953099480675087
58	76	-0.021984559998642156
3	9	-0.021997333751271775
54	83	-0.022056817602553513
29	53	-0.022091241401374084
36	42	-0.022100416941835538
57	74	-0.022122174770604908
13	20	-0.02218116322479516
64	79	-0.022186405422989552
20	45	-0.022209735122196414
71	80	-0.02232370352589247
76	84	-0.022337190501200505
13	77	-0.02235996640076343
8	36	-0.022392727440558563
58	84	-0.022413831817633095
66	71	-0.022415617770692425
18	51	-0.022426552701067304
54	76	-0.022432935660159803
18	54	-0.0224947821389353
9	46	-0.022497535240320637
76	85	-0.022584564303793297
35	85	-0.022603183765638718
14	36	-0.02262089473771456
7	36	-0.02264011805942706
1	8	-0.022667989816166495
2	41	-0.022669523203643044
4	31	-0.022710493099242418
25	48	-0.022732783092267894
49	71	-0.02273411364845246
5	54	-0.022775515507366423
11	53	-0.022793635558784997
43	75	-0.022798029383609142
51	75	-0.022825811186094974
26	35	-0.022894522526860167
30	81	-0.022902553562499317
19	85	-0.02290299661793642
22	41	-0.022934291526228417
7	51	-0.02297589900552277
49	74	-0.022983112886924256
15	30	-0.02298494117915656
33	84	-0.022993530490333813
24	65	-0.02299792677353371
40	75	-0.023010633970143385
12	84	-0.023014212692279407
52	67	-0.023034807785078132
16	70	-0.02307612853001617
34	53	-0.023125356468803426
4	48	-0.02315504229335738
7	30	-0.02316125987686285
31	61	-0.023171221107245787
64	81	-0.0232141491618357
5	41	-0.023229586182071355
9	84	-0.023243898735040402
63	77	-0.02326529606068306
15	84	-0.02334699902886897
43	65	-0.02335850470358483
9	81	-0.023400173889765896
18	19	-0.02342356547995139
13	59	-0.02345230669897755
14	57	-0.023479560526130427
11	23	-0.023529928514182313
10	20	-0.02354373007023325
7	82	-0.023559518264766183
68	85	-0.02361191422201253
4	78	-0.02366093509665676
8	78	-0.023663864418024844
37	70	-0.023698663906987827
1	67	-0.02371614748200336
24	60	-0.02372189562054533
19	72	-0.02377561748726517
20	67	-0.023782709820665937
10	19	-0.02379279294532549
55	72	-0.02380501519439182
19	66	-0.023813912769043183
31	85	-0.023817774167103345
42	83	-0.023836215318889187
22	48	-0.02384123860212381
39	80	-0.02384480616002943
3	52	-0.023853425500497127
25	39	-0.023853521874786843
35	81	-0.02386472817811841
8	22	-0.023871954898215142
19	30	-0.02387856153915935
2	54	-0.02390269277538673
57	79	-0.02390646994411938
35	55	-0.02391168681783526
25	55	-0.02391385944476293
22	58	-0.02392009409213966
4	59	-0.024036825510208748
50	73	-0.02404797184175697
12	61	-0.024055828726433248
40	85	-0.024080528123376493
12	22	-0.024112659506701384
1	38	-0.024128252892552063
17	79	-0.02415430433828389
3	62	-0.02417304555001054
16	32	-0.0242073877868986
19	37	-0.024225903457706893
29	56	-0.024283407141099667
22	76	-0.024295501695661914
10	41	-0.024313548760755643
32	40	-0.024372123693265663
14	78	-0.02437993967107044
10	37	-0.024399562318361434
19	65	-0.024421220374609587
57	83	-0.024444730446782914
63	78	-0.024448216330911238
58	74	-0.024465132380867338
57	77	-0.02451273377456914
1	83	-0.02458342773562601
51	70	-0.02460173326060408
6	30	-0.024642650677696526
55	84	-0.024670296711638617
35	66	-0.024670737800225412
6	81	-0.0247480472194615
5	22	-0.02476824870629374
14	81	-0.024787587322508825
46	80	-0.02478997245328496
44	69	-0.0248080694369974
1	71	-0.024821067156406723
37	55	-0.02482772928598126
1	39	-0.024831225153236436
4	70	-0.024839610792337513
34	58	-0.024851456328356752
43	72	-0.024861651876354557
19	28	-0.02486789959107799
54	72	-0.02488563587606768
3	51	-0.02489312902509988
3	57	-0.024907707098019427
25	44	-0.024927121730552115
48	72	-0.02493762050619952
6	47	-0.024984928707838888
29	70	-0.025026459466166967
22	69	-0.025061083669796508
3	14	-0.025091417202872
4	52	-0.025092092252406162
69	77	-0.02515607399088854
3	68	-0.0251732357657819
47	82	-0.025230900093637987
49	63	-0.02528246472307627
34	60	-0.025284636171035074
23	65	-0.02529513562015248
76	82	-0.025317038531521147
44	63	-0.02532375276040491
12	48	-0.025336857466080304
11	55	-0.025351741345500278
30	41	-0.025363470357539525
59	80	-0.025364040063207666
44	65	-0.02538800948091499
14	75	-0.02542389162976677
57	60	-0.025436289628174347
59	84	-0.025437293853031007
21	76	-0.025454519671821718
32	74	-0.025456683855079765
17	67	-0.025486267832960513
53	83	-0.02549604288196139
8	26	-0.025510690192480895
4	54	-0.025512807143615313
19	84	-0.02553062143587101
21	30	-0.025543652611373285
71	84	-0.025551066748793233
25	74	-0.025594719906221003
24	58	-0.025634369679836067
45	82	-0.02563648967247785
12	50	-0.02564811778704379
15	71	-0.025652200049847057
56	67	-0.025688907132468214
32	46	-0.025689310785294572
47	83	-0.025711802646743748
45	80	-0.02571839794385583
53	60	-0.025725273569827428
2	42	-0.02575758515692403
53	65	-0.025768435564663184
31	36	-0.025779699638958903
39	65	-0.02580992690222808
62	76	-0.025811498478345574
30	55	-0.02581195665237873
18	36	-0.025814971131957742
25	70	-0.025847010497004053
12	70	-0.025863566060712495
4	18	-0.0258701217618883
25	60	-0.02589729716199879
33	66	-0.02594500059742033
4	60	-0.0259529246040478
33	71	-0.025955810658881473
36	56	-0.026021940656334508
14	50	-0.026062592202433593
29	83	-0.02609413081678652
30	38	-0.026244717476508056
53	84	-0.026290047471604322
9	20	-0.026291634349242393
36	54	-0.026299827449081048
19	78	-0.026303495563651552
24	69	-0.026368062479882437
16	52	-0.02636958031255754
39	82	-0.02639454604447941
30	57	-0.026397834503826573
40	69	-0.02642812694235938
18	29	-0.026442836052550406
8	77	-0.026444084619400232
2	72	-0.02644437288189133
8	34	-0.02644589224595789
18	38	-0.026462026365881464
33	78	-0.02653504955936431
55	75	-0.02653573423484956
4	75	-0.026547441523124632
61	66	-0.026579201450667278
12	47	-0.02662622467768344
16	49	-0.026639777471093334
4	30	-0.02667752375849669
19	58	-0.026695378047710272
36	68	-0.0267191127033031
1	25	-0.02673713448737859
1	29	-0.026750985138335598
7	85	-0.026756640056638456
2	11	-0.02676251957761014
25	71	-0.026796833410220433
23	47	-0.0268319889095662
22	71	-0.026840244454436835
45	73	-0.026851315833526512
29	67	-0.026868327891904215
3	43	-0.0269603659968517
20	61	-0.02698430615489543
30	37	-0.027008978951100604
36	75	-0.02702883613487206
47	69	-0.027063679263732807
35	42	-0.027083610766020977
13	33	-0.027105796428221307
36	64	-0.02715065994625207
52	80	-0.027160775445913776
39	75	-0.027187267719649966
36	61	-0.027194788333756575
33	38	-0.02721731181391357
23	84	-0.027222275000276186
33	64	-0.02722798777045496
3	28	-0.027236507990197334
38	62	-0.027240257315015226
47	65	-0.02726983453633139
39	84	-0.027277335103716382
38	76	-0.0272930499963836
22	85	-0.02731355500537619
16	53	-0.027327894441848105
63	83	-0.027337791890320734
5	60	-0.027360461605077713
16	74	-0.027370497204965594
13	30	-0.027386810180612897
2	10	-0.027387174269130676
43	85	-0.027469190994989193
7	32	-0.027475381824107303
17	39	-0.02747728229830468
11	29	-0.027498427657050267
16	46	-0.027534480864403355
16	24	-0.027538099919113768
64	73	-0.027555253523689788
16	54	-0.02760585865517859
71	85	-0.02763015530318977
55	79	-0.027643900890197942
3	84	-0.027645313759913512
27	42	-0.027685692071358126
18	48	-0.027720569488479202
20	24	-0.027730663923174068
3	81	-0.02781303140643307
11	80	-0.02782832522474335
67	77	-0.027855861431693885
37	83	-0.027866409321798402
26	54	-0.027878292165362945
61	73	-0.027878443641778383
15	31	-0.027878515848986624
1	64	-0.027892858483408847
46	71	-0.02790113939198538
27	54	-0.02791232454421999
10	28	-0.027915265955031354
30	54	-0.027925919859207587
51	85	-0.027979441204911
19	49	-0.027992663116437055
30	84	-0.02799836029231423
61	71	-0.028106891495273234
1	13	-0.028111368699042294
13	80	-0.028121109018546697
12	62	-0.028153383949688277
14	30	-0.028158422845864783
63	81	-0.028191498821719105
30	74	-0.028200113913937452
20	59	-0.0282245544651126
13	53	-0.02824922135840849
59	65	-0.028284155117614868
5	74	-0.028288374199704036
26	56	-0.028311766644563474
5	28	-0.028338855801711194
34	66	-0.028357899981246243
8	53	-0.02836932898543751
5	26	-0.02843771887987384
61	79	-0.0284386073338036
14	23	-0.028441923101111044
41	73	-0.02844518769254603
2	65	-0.028488401751803893
22	38	-0.028517476206912806
73	82	-0.02859877225371421
12	39	-0.028612944938071316
28	75	-0.02861724985482139
57	80	-0.02865973476698322
3	48	-0.02874348848076358
18	80	-0.028775285276008228
52	79	-0.028777393581566585
35	56	-0.028797480044508716
19	63	-0.028833680099188047
7	53	-0.028852705763213415
20	50	-0.02885731180711973
12	46	-0.02886046573934148
35	65	-0.028872279494111308
15	29	-0.02887381890883947
6	13	-0.028899807051920107
36	85	-0.028934688632384548
21	37	-0.02895637888434524
8	60	-0.02896967928543262
6	29	-0.02898751264166663
25	56	-0.028988916346257915
13	23	-0.029046653416650636
17	37	-0.029090509288125538
43	63	-0.029107733489029605
29	74	-0.029111301656785465
33	41	-0.029117078149433595
17	26	-0.029119867915794656
16	78	-0.029205054438730033
19	53	-0.02920520695713552
26	31	-0.029222897954024524
75	84	-0.02924237698364182
26	74	-0.029243264688816106
20	31	-0.029246912466940778
54	60	-0.02929024240003908
2	60	-0.02929285184525937
9	85	-0.02929725558000515
43	80	-0.029320878440349696
4	74	-0.02938381779190649
31	46	-0.0293958475730203
51	60	-0.02940222785990132
46	63	-0.029402353800199316
17	31	-0.029402484150382213
39	53	-0.029411109900641552
22	62	-0.029427975562976605
18	66	-0.029430573211720407
35	61	-0.029472799925925414
15	49	-0.02947607888673176
12	32	-0.02955584038074327
25	57	-0.029561570841918933
22	74	-0.029577470305439585
37	45	-0.02966058420269585
18	52	-0.029806961659410658
30	61	-0.029815215921227822
5	66	-0.029821902745751055
18	26	-0.029824656899194613
33	77	-0.02987479605458393
10	75	-0.029908176988777985
64	72	-0.029914428411757454
19	27	-0.029944859742544933
10	21	-0.029960945981541948
8	25	-0.029971916715881786
40	76	-0.02997232119138779
4	82	-0.0299780862216798
4	84	-0.029984844161962704
55	65	-0.030008456582095916
53	78	-0.030034280541185454
55	82	-0.030061265315104974
5	12	-0.030155174429107895
3	39	-0.0301604755581876
52	82	-0.030162251231328235
27	40	-0.030194473970968444
57	66	-0.030220823106871658
38	56	-0.03024773075187695
21	66	-0.030255443544412397
22	72	-0.030274754534263315
17	36	-0.030375426891953078
19	80	-0.030427827921696987
10	31	-0.030447940206378116
28	46	-0.0304591596734676
11	83	-0.03052763510879508
6	76	-0.030546827092805012
18	62	-0.03059226075231186
14	22	-0.030612133310428946
1	43	-0.030612726447701327
32	75	-0.030625681926087472
8	21	-0.030644006397705842
70	71	-0.03066734005293001
29	58	-0.030678113739526974
10	69	-0.030678650394022428
24	39	-0.030718000701451642
10	23	-0.030767066481156735
30	44	-0.03081691456052027
2	76	-0.030823031368076154
3	66	-0.030826448202820683
55	80	-0.030827682468386908
22	81	-0.030875654317025908
26	80	-0.03092791451157756
30	51	-0.030931469353967844
7	38	-0.0309732823779231
40	63	-0.030995962614316058
20	66	-0.031076013042413808
37	85	-0.031135995486098383
16	82	-0.03113964989994722
56	72	-0.031141142442991793
76	80	-0.031153184352603364
37	81	-0.031190979784191636
41	60	-0.031217369319512578
49	80	-0.031234521675430088
2	47	-0.031238006319797174
27	72	-0.03127596292743612
32	43	-0.03128674496576897
73	78	-0.03130739751431072
5	75	-0.031354093192262816
22	82	-0.0314211466964652
4	80	-0.03142568447821267
5	33	-0.031439539819486606
46	64	-0.031455268431730604
27	44	-0.031456230960684534
6	75	-0.03147858200637829
31	63	-0.03149443092119672
2	16	-0.0315139241450578
24	63	-0.0315146750087566
15	37	-0.031515587202804396
27	43	-0.031566769730455496
35	40	-0.03157053883770361
19	82	-0.031572565720496826
48	85	-0.031575697384660775
75	81	-0.031646044986648414
5	68	-0.031655319763186834
32	56	-0.031655661189703754
10	48	-0.03168884731035446
18	46	-0.03169484125996713
7	76	-0.03171670915368177
31	35	-0.031717734544122966
58	64	-0.03174042641128291
12	53	-0.03181278830966003
6	17	-0.03184223581229606
21	70	-0.031873643066497565
11	62	-0.03195917686439578
23	83	-0.03199087491472652
25	61	-0.03200512371754119
50	80	-0.03201260934234737
40	71	-0.03202055896805689
13	60	-0.03203899743647179
33	49	-0.03206730500817134
28	52	-0.03207034903771741
8	42	-0.03208283003190843
38	71	-0.032099967141180547
26	47	-0.03211678639594112
18	39	-0.03212620212333667
51	78	-0.03222949425428229
3	49	-0.03223574800034676
53	71	-0.032257881419174045
23	72	-0.03228952704591481
69	78	-0.0323404574934103
21	84	-0.032408636157407134
16	73	-0.03242103156879328
39	78	-0.03242184993952757
59	83	-0.032437895693587904
62	71	-0.032459587248844846
20	53	-0.0324627320731902
5	31	-0.03259413872519723
22	46	-0.03259733836611123
21	25	-0.032676656587770164
59	73	-0.03270251112068262
72	79	-0.032720239076383884
11	38	-0.03273911631366716
49	75	-0.032742962189162145
9	26	-0.032783091268601156
60	70	-0.03280549282245376
31	51	-0.03281398320664983
44	71	-0.03281961377010234
14	28	-0.032819839430299286
9	28	-0.03282334065995732
11	79	-0.03282707957408032
13	35	-0.032862824416623054
59	66	-0.032878560980606014
8	32	-0.032907571406488284
6	57	-0.03293129126142022
36	41	-0.032939158888615594
9	65	-0.03296978614355567
8	66	-0.03297201956984311
18	77	-0.033009342229546795
3	74	-0.03302839180858558
68	80	-0.0330582462963796
42	75	-0.033066858410148725
9	71	-0.03309004525008835
20	36	-0.033114384662462054
68	77	-0.033128756470747756
17	75	-0.03312960969960757
36	50	-0.03316056080117316
5	47	-0.03317080973367309
4	85	-0.03317118102628709
12	56	-0.03317337416736127
60	73	-0.03318229591347649
31	60	-0.03320003894781118
11	60	-0.033242240158050024
28	54	-0.03325588857486214
69	76	-0.03331442483400626
33	51	-0.03332092768970005
15	79	-0.033326891136419234
26	44	-0.033361517198223334
2	38	-0.03340126236404439
18	75	-0.03340377707627737
6	39	-0.03340997157968881
1	31	-0.033411983248393784
28	70	-0.03342725148982584
1	77	-0.03347365178148093
8	70	-0.033483476946326224
10	51	-0.03349999522937899
43	69	-0.03351173414870197
39	77	-0.03358444103693048
8	49	-0.03363238593265239
62	70	-0.03364207551068729
66	85	-0.03365867526392746
18	44	-0.03368061410558748
29	32	-0.03369372832549872
39	69	-0.03369933322525773
3	38	-0.03371768919451232
12	25	-0.03375050164973209
33	58	-0.03376242531363252
3	61	-0.03376836999665203
16	55	-0.03376863145181472
8	74	-0.03376896322777079
37	52	-0.03378297511719297
18	22	-0.0339112460157219
52	65	-0.03391869648843404
7	37	-0.03392759875773135
35	39	-0.033941492066843104
46	66	-0.033975889122513314
5	81	-0.03397781860536239
20	81	-0.033988234410665716
21	85	-0.03403032731827363
12	44	-0.034050592700246185
3	55	-0.03407677522282965
8	27	-0.034092695029765696
36	55	-0.03409698228160293
29	63	-0.03412141625527604
11	75	-0.03412829452417382
41	75	-0.03415906331678928
60	78	-0.03416532071874709
52	77	-0.034175647059063924
44	73	-0.03420096515011414
59	70	-0.034229452732066734
14	33	-0.034240106654021635
21	77	-0.03424117157632958
4	63	-0.03427216966587093
1	81	-0.03429363763149895
49	85	-0.03435303817865956
23	73	-0.0343821883259241
50	60	-0.03445114398441537
30	83	-0.034487897214366375
6	64	-0.034505783444973376
29	59	-0.034521700062889155
5	63	-0.03456012692248708
60	84	-0.0345807638276619
21	36	-0.03460964879289852
8	82	-0.03462999948918058
36	62	-0.03470671792190344
27	67	-0.03479358266373944
8	23	-0.03479757342909451
8	46	-0.03480054708708705
8	84	-0.03482569796777954
62	82	-0.03483102379044778
74	79	-0.03485343553658682
15	25	-0.034871532581809556
5	69	-0.034899103358063066
6	78	-0.03493781354731537
29	60	-0.035010407827305384
18	61	-0.03502374032332639
19	25	-0.035037844993872524
53	80	-0.035046566698128806
24	72	-0.035074217437847804
69	83	-0.035096358177760606
20	39	-0.03510850580869587
8	58	-0.03511388271531335
36	57	-0.035135108910237495
26	62	-0.035141314340578766
48	66	-0.035152920625475925
23	37	-0.035155562454412814
35	38	-0.03518543774828331
58	83	-0.03518984331071964
78	85	-0.03519429121569098
60	68	-0.035200181209272124
18	42	-0.03520353232679824
51	82	-0.03532960528627532
39	66	-0.03543454939049542
18	64	-0.03545581725450364
13	58	-0.035513054262674926
16	75	-0.03552999196629339
58	66	-0.03553152617436736
27	56	-0.03568562535998873
3	56	-0.03572567108033238
20	68	-0.035777692752567036
25	52	-0.03584339862295294
4	69	-0.03590391857676728
23	40	-0.03593895469264166
10	33	-0.03601485734123469
56	79	-0.036066190442019974
10	82	-0.03607927469151945
20	29	-0.03608591644393408
19	26	-0.03609044804922251
19	60	-0.036101038266498214
26	48	-0.03613263097381622
3	47	-0.036136460990392444
38	81	-0.03620738517499436
14	73	-0.03621654964812471
54	77	-0.036239715062075545
14	35	-0.03626407457183989
64	75	-0.03626938888889297
15	18	-0.03628683705926669
51	72	-0.036296780777364424
33	81	-0.03631716310739505
28	85	-0.0363540605003721
17	69	-0.03637068193158198
35	77	-0.036436402245349025
17	65	-0.03644168740197376
47	85	-0.03646317849166657
8	75	-0.03652163933979252
10	70	-0.036556466779499724
22	34	-0.03656714068462613
43	66	-0.03656727735203366
23	67	-0.036569452398961255
63	66	-0.03658259905696734
33	59	-0.036590903289029586
25	42	-0.03666654188989271
4	66	-0.03673336539252095
20	49	-0.03678886028749964
9	67	-0.03679815051427818
27	61	-0.03680297654310041
51	80	-0.036849019462071725
27	60	-0.03685362052598648
12	72	-0.03687758044723913
30	64	-0.036942746274556876
32	68	-0.036960149036924655
6	34	-0.03696360418393932
28	44	-0.03697483092656262
1	74	-0.036997253849465866
18	24	-0.03704190324290027
14	60	-0.0370589839650432
56	85	-0.03706648095228009
51	74	-0.03707775805121974
15	80	-0.037120905461302284
64	80	-0.03713207598074281
18	43	-0.03720928977112811
12	26	-0.03723806747229799
36	40	-0.0372647515931854
46	74	-0.037351471201374914
21	72	-0.03736340583119577
26	85	-0.037370102697285384
8	28	-0.03741757220430658
58	75	-0.03743975883302364
73	83	-0.037443237224234927
18	82	-0.03745907780746166
25	33	-0.03748215204459904
28	57	-0.037493539554731004
61	80	-0.037504562606882536
20	44	-0.037527992588360606
17	33	-0.0375461847852506
9	29	-0.03757378667468067
1	36	-0.03765630009939852
27	48	-0.03782644368841037
5	58	-0.037892823800137226
41	65	-0.037909685266579535
27	38	-0.03791863810733204
20	30	-0.03796196271797336
57	85	-0.03797143016136667
10	78	-0.03814942243618971
34	40	-0.038166652199328854
51	66	-0.03818172922694002
5	15	-0.0382100327567747
28	61	-0.03822488645003633
27	41	-0.03822842498772397
16	51	-0.038231854068175586
25	63	-0.03827324973936361
10	30	-0.03828315362248577
15	83	-0.038287572786129875
23	50	-0.038336328198252695
12	23	-0.038485069693746266
51	65	-0.0384947519303217
29	34	-0.03855987605166569
22	39	-0.038594704441098554
40	73	-0.038611776539501125
14	74	-0.03864835801014538
58	67	-0.0386844293378352
21	35	-0.03870147638945498
11	73	-0.038804536089302566
69	81	-0.038890745917480096
20	40	-0.03889824364761722
6	62	-0.03892546856436058
30	42	-0.038953065296777306
38	53	-0.03900949489251651
39	83	-0.03908432196808248
54	85	-0.03908764725843339
27	59	-0.03917948081505063
33	44	-0.039204526538642204
37	61	-0.03924604778049029
18	49	-0.03928782578261636
44	82	-0.03930187587404674
27	57	-0.03931943919600381
36	43	-0.03940902853783426
61	82	-0.039425740108964574
30	59	-0.03944797052978807
26	68	-0.039457195047860216
10	35	-0.039457708424606525
12	18	-0.03946911662399483
55	85	-0.039487385201351255
33	42	-0.0395476618515285
12	41	-0.03957116297302607
36	59	-0.03961263228070211
45	77	-0.039619706107509284
34	73	-0.03962666004984258
7	60	-0.039737324069909985
23	44	-0.039741655093734035
8	80	-0.03978644244038668
10	27	-0.03979079363560001
6	68	-0.03979872876597812
65	74	-0.039827013431019964
6	59	-0.03991360540257141
36	66	-0.03995418002592896
30	58	-0.040076472727044066
21	80	-0.04008127748237286
12	33	-0.040152127941373766
21	38	-0.04019444431974806
6	43	-0.0402164884643873
27	32	-0.04026119155799468
20	77	-0.04026865702339111
35	74	-0.04032013438626167
23	68	-0.04033309971947602
35	76	-0.040337899257255755
28	71	-0.04036684352918263
28	74	-0.040392221119562505
36	82	-0.04041506292083519
26	78	-0.040449161041951204
47	80	-0.04046525028840879
60	79	-0.040480289587738416
15	23	-0.04050372120521953
6	25	-0.040503980904541215
16	30	-0.040525415133054826
3	76	-0.04054007090052769
30	76	-0.04055683482336567
6	60	-0.0405621341017989
23	42	-0.04058088972275914
38	60	-0.04058420145794939
15	27	-0.04059103057169705
15	53	-0.040596037377366
5	17	-0.04059774567500174
49	77	-0.04070027914523042
6	49	-0.04071362732446562
52	71	-0.04081278113051165
24	37	-0.040813889087713995
50	66	-0.04098624870722131
15	82	-0.041036413047883746
56	65	-0.04109840979103144
16	76	-0.04110447408355031
35	44	-0.041122386849315795
28	67	-0.0412263683303693
22	37	-0.04124281916972741
24	35	-0.04128824232937783
25	58	-0.04135738035225539
8	51	-0.041402555033533184
25	73	-0.04140480890069906
68	71	-0.04140574665141594
27	46	-0.04144990066018428
69	79	-0.04147313714093709
12	75	-0.041516392764225946
4	26	-0.0415223390883713
9	82	-0.04154367954097052
23	34	-0.04155690342831336
26	61	-0.04155937899593737
5	76	-0.041565703863699954
36	53	-0.041631484492216375
69	70	-0.04164826350197104
60	83	-0.04167874909519667
32	82	-0.04167929029752529
50	75	-0.04173997250506259
56	80	-0.041762677286432195
9	80	-0.04188127792163229
10	58	-0.04189835952745735
37	84	-0.04193901912450618
42	80	-0.0419545153181306
28	50	-0.04199163018132049
2	27	-0.04202419386400849
33	50	-0.04204699763281142
18	50	-0.042054612124074464
61	85	-0.042071647991953176
30	67	-0.042081512937456766
2	36	-0.04214888791452945
38	63	-0.042181053148635905
26	33	-0.04220788799066008
7	23	-0.04229891104615319
11	72	-0.04236892722374011
17	32	-0.042446939896896185
28	38	-0.04245616805994165
39	63	-0.04251389645237447
3	72	-0.04255648660585512
18	30	-0.042565584406732
51	76	-0.04266170820217424
26	53	-0.042720331682062684
16	44	-0.04279415799137137
13	79	-0.042803396899816715
11	22	-0.042805177402694794
50	82	-0.04281345518664029
37	82	-0.04286813869628808
48	69	-0.04287918501851869
7	26	-0.04293029388713554
27	82	-0.04301713642131308
26	59	-0.04305931497758658
29	37	-0.04308023949227985
35	59	-0.043112077598215254
31	71	-0.04317341024182436
23	41	-0.043248730899294235
51	83	-0.043275672296577805
60	82	-0.04337862214881638
26	40	-0.04346910180105232
32	35	-0.04347304324702175
12	21	-0.043476497513536105
4	27	-0.043494638184097933
27	47	-0.04355207244534723
16	36	-0.04363275956149967
27	51	-0.04364154278050067
20	74	-0.043652492884081184
64	71	-0.043698960487915106
31	72	-0.0438277200020844
2	62	-0.04393795340939602
28	42	-0.04402955402528175
22	60	-0.044053600273300825
71	75	-0.04412027773010893
30	52	-0.04412078963569632
54	82	-0.04436719180787438
26	50	-0.044413357674294135
1	32	-0.04451033459953033
17	20	-0.044530329177307176
48	75	-0.044531479003667995
5	30	-0.0445962553469364
23	80	-0.044619935843612485
3	10	-0.0446627685570124
43	71	-0.04466339633129446
11	33	-0.0447480871869842
11	27	-0.044760375963593724
41	71	-0.044816669314688085
6	52	-0.04482875548582241
59	82	-0.04484863935751146
32	83	-0.04488414480163949
26	55	-0.044909904121351596
70	77	-0.04492452842718947
70	82	-0.044979747034895545
7	16	-0.045020172548422416
3	40	-0.04506706816033812
29	73	-0.04512253166120356
23	48	-0.04515086803536683
23	53	-0.04517987448305
14	84	-0.04525429871956549
2	67	-0.045299477110877534
33	79	-0.04543344776642924
33	48	-0.045456483891482435
14	80	-0.045524751479376846
25	51	-0.04554374710888459
30	70	-0.04557512953185497
28	64	-0.04563105901781131
42	67	-0.045687104241034004
23	56	-0.045729277717189626
10	71	-0.04574555040081618
46	69	-0.0457567325379231
37	73	-0.045771914045693196
3	78	-0.04586271946585574
21	71	-0.04595446391651806
30	36	-0.045957417789704885
16	79	-0.04598814292252326
16	83	-0.045995763719219984
18	68	-0.04609036830400409
20	37	-0.046170789055760636
38	69	-0.04618177680645007
16	57	-0.04618952157509723
3	21	-0.04619431077145694
26	42	-0.04623566013753988
9	27	-0.04630744981703247
2	71	-0.04640898078526909
6	32	-0.04645054569990298
24	73	-0.04649802745427839
16	62	-0.04657231641148274
3	50	-0.046637318074024964
17	72	-0.046659533577330825
38	75	-0.04669075042119941
12	37	-0.046763535419438146
16	43	-0.04676424663313655
1	76	-0.046792155385244505
36	69	-0.04680739312748175
13	73	-0.046907032612586524
23	59	-0.04690986334767394
39	85	-0.0469626511907604
2	31	-0.047016285033295
16	31	-0.04707532826656882
23	61	-0.0470878383553551
17	30	-0.0473265308222629
23	52	-0.04736774837415211
19	23	-0.04736882764967251
6	26	-0.04745695373342554
34	69	-0.047592479872195004
20	79	-0.047604650726302045
23	70	-0.04761671570087167
68	82	-0.047655786215357016
48	80	-0.04768988121152615
71	78	-0.047703106041246
58	72	-0.04779611640436307
14	27	-0.047839956620211566
30	50	-0.0478708708649761
51	67	-0.04787500294446889
27	62	-0.04789486175802288
3	65	-0.04811402795739961
3	24	-0.0481748852088936
27	64	-0.048197371415959395
37	57	-0.04833843124845896
16	22	-0.048369931142118766
16	47	-0.048371415024291264
53	77	-0.04847291658506764
43	77	-0.04875511330765417
41	77	-0.048780277905694475
3	46	-0.04878494990419174
5	80	-0.04882296575931125
2	34	-0.048865249081421314
29	71	-0.04887160196006285
1	46	-0.048944857845190676
9	37	-0.04896582639078259
27	50	-0.04897268701707466
5	78	-0.049161823181095105
11	77	-0.04930718815665078
26	43	-0.049486522572116526
27	52	-0.04948713612504188
34	63	-0.04951099619567512
8	30	-0.04953743208857739
14	18	-0.04967503121887329
38	73	-0.049705003604317205
9	73	-0.0497090735439365
6	67	-0.04977005266282708
13	85	-0.04987954566200882
9	72	-0.05001833696307906
33	40	-0.05005044360829408
23	43	-0.05012767080097702
17	82	-0.05015284824895819
12	35	-0.050257702829357875
25	53	-0.050317291235718264
33	37	-0.05034022465949517
16	34	-0.050377833540353495
26	41	-0.05041434146089016
59	85	-0.050512511890468514
35	79	-0.050521619114259425
67	71	-0.050528427603347636
39	73	-0.05056940741599189
41	82	-0.05072001758828412
2	37	-0.05075293415664556
37	41	-0.05079895361219661
27	70	-0.05081465348367456
30	85	-0.05083238493537234
34	85	-0.050946091496032214
20	34	-0.051143965904534155
12	51	-0.05126376620616785
20	48	-0.05130656526347152
23	54	-0.0513162384808859
35	68	-0.051324429221148826
26	64	-0.05145260549329747
18	31	-0.051598155852019156
63	70	-0.05163028461062963
6	83	-0.05164794023686789
27	53	-0.05173410288310859
21	73	-0.05175164239080052
14	82	-0.051802097979024686
67	82	-0.051980990183523756
6	55	-0.051988594880565314
75	76	-0.051998492303238164
41	80	-0.05200082876531602
8	37	-0.05201868414055777
28	33	-0.052036170163521134
17	80	-0.052097350264045994
32	70	-0.05224126938615861
11	71	-0.05230156634056535
2	30	-0.05233018934435579
46	85	-0.05237301825441207
9	23	-0.05239324497323672
28	47	-0.05243931596186563
23	46	-0.052575122122425905
33	72	-0.05265709147886727
20	26	-0.052722198747422316
18	67	-0.052810505206131064
16	65	-0.05291193535084679
32	69	-0.05294376721737447
25	69	-0.053004177015634174
3	25	-0.0530408259474911
12	80	-0.053090486346501875
16	23	-0.05312473893342878
27	33	-0.053184962134633584
20	38	-0.053210243717989214
70	80	-0.053260609829276134
18	79	-0.05337287496750592
61	77	-0.05346159108688833
54	71	-0.053620109746541716
28	53	-0.05365888302887281
11	28	-0.05379584474112256
12	71	-0.05379823655221039
18	41	-0.0538522455216357
10	73	-0.05400242521649215
28	49	-0.05402315083303447
10	80	-0.054032123230323165
3	71	-0.05403519210486091
48	82	-0.05405579821942516
34	35	-0.05408141969633459
16	81	-0.05429097155389864
40	82	-0.05450129167634646
26	57	-0.05474257963424323
4	77	-0.05482295894903269
6	66	-0.05495705059882805
15	36	-0.05510171766898325
52	85	-0.055118934018079685
60	76	-0.05513697093998998
26	73	-0.055302918263493206
42	71	-0.05535340632584998
29	69	-0.055365753503320056
1	72	-0.05544945788665419
28	59	-0.055475810202057
20	70	-0.05557561444577189
35	83	-0.055644949376831704
6	37	-0.055664844307465405
26	58	-0.05569222558228465
55	71	-0.05572349947749447
2	26	-0.05577402906953563
66	80	-0.055792242430727335
20	25	-0.055830980050126586
34	75	-0.05595973193454554
20	27	-0.05597595839379024
15	26	-0.05609089933141859
20	72	-0.05619896540790206
3	64	-0.056238086462538556
13	18	-0.056278153817033105
19	36	-0.05641971731086459
33	46	-0.05649344553234814
11	82	-0.056546468213083734
27	55	-0.05680669047955195
15	77	-0.05699542381694331
27	73	-0.0570170246649189
25	35	-0.05709495143866439
55	77	-0.05740147799581885
3	17	-0.05748521009836363
16	26	-0.05748847791853176
20	76	-0.05755156017785658
6	23	-0.0577241430088431
26	52	-0.05777408302893847
5	65	-0.05798122300952807
27	69	-0.05798392614874906
12	79	-0.058185196049404087
28	35	-0.05828358497565628
30	35	-0.058418350775284206
7	18	-0.058451207271782823
70	73	-0.058546216022553166
23	58	-0.05855602771072735
6	58	-0.058820978547527436
20	46	-0.05892362470045928
27	35	-0.058961751779089966
3	26	-0.058967389365447015
60	81	-0.05913023733182213
63	79	-0.059442646730569676
28	39	-0.05954874448466149
32	66	-0.05956586269812944
28	43	-0.059588717781399625
12	77	-0.05971554652465161
36	52	-0.05981420029528017
28	62	-0.05988685408990402
6	46	-0.059927283120238706
47	77	-0.060042165915400625
56	82	-0.06033577793073962
63	76	-0.060339097417636656
28	41	-0.06034970540194767
34	80	-0.060352044047811165
16	38	-0.06047478533656367
64	77	-0.06068017943512258
25	85	-0.060810080723424254
29	35	-0.06121506996956366
32	71	-0.0612347873936914
46	75	-0.06128287072748842
37	74	-0.06145199759010844
35	72	-0.06157839607439147
53	82	-0.06179755370093257
27	74	-0.061809814005267
17	85	-0.06185622294015482
22	36	-0.06190754267769796
14	26	-0.062161942911071355
30	62	-0.06258023392274698
3	29	-0.06272036031626593
9	77	-0.06295109873807855
4	73	-0.06362228740640224
35	70	-0.0637737272326192
28	65	-0.06378837685640817
23	49	-0.06389446816407571
7	71	-0.06421916905281908
67	79	-0.06426251255372731
28	60	-0.06451620213487164
33	39	-0.06455180388557677
66	72	-0.06466084408239944
6	28	-0.06517923543012111
64	82	-0.06540473128314023
12	73	-0.06540736231739092
3	27	-0.06566733931855534
57	82	-0.06620130426407297
7	28	-0.06822878846516658
23	60	-0.06877389765407257
36	63	-0.06900355132896939
14	77	-0.06910288234464304
32	73	-0.06918420765516403
58	77	-0.06921794803583817
28	32	-0.06934883858370589
28	55	-0.06977131002999173
18	65	-0.07013022089663593
7	77	-0.07019836143086122
28	69	-0.07037648049020041
26	51	-0.0706615746348748
27	71	-0.07069387665501797
46	82	-0.07072535573220926
12	82	-0.07080550759145263
21	27	-0.0712611579399535
65	80	-0.0713562096058532
26	63	-0.07193664773074471
12	36	-0.07196179659557392
40	77	-0.07201316347315165
13	82	-0.07232855502599683
32	72	-0.07338827233128009
26	70	-0.07365046367132985
14	71	-0.07408787083294407
21	26	-0.07448761357123726
27	63	-0.07480224280716198
66	82	-0.07484382918813226
73	77	-0.07486129976111691
7	27	-0.07575568909910568
56	77	-0.07622995574281444
26	69	-0.07633973346612984
27	85	-0.07651005300518866
30	46	-0.07661382400116634
44	77	-0.0767508411519055
6	77	-0.07725437543254238
51	77	-0.07731497148117672
16	25	-0.07734271212226485
28	73	-0.07735759183768709
12	27	-0.07781006639053145
3	34	-0.0789545044681195
18	27	-0.08082179731246769
28	63	-0.08142349781893087
30	60	-0.08216976012480254
35	36	-0.08265000390960828
36	73	-0.08336920189078068
19	77	-0.083961950221912
5	18	-0.084141553370958
30	71	-0.08443739391846528
33	76	-0.08537900557520513
28	51	-0.08578851156695191
3	36	-0.08608099265268604
10	77	-0.08652233787451552
50	77	-0.08656606578201828
6	27	-0.08826529504086134
32	77	-0.09044210945832881
5	77	-0.10065901325028997
32	60	-0.10319237979010504
