12	14	0.5233888374103672
5	7	0.3839384362576724
5	20	0.38245577748528087
2	9	0.2954332624566783
4	5	0.26069519870180585
17	20	0.2410334786561722
18	21	0.21535751535795583
4	9	0.19842908808763093
4	20	0.193019036744284
13	17	0.18887511040906074
3	19	0.18787356669498795
3	6	0.17963669226656404
6	10	0.17796688371888125
11	15	0.16519968114988737
10	23	0.16465825526714184
3	23	0.16393636272386986
10	19	0.16206059711282594
6	19	0.15835138813285354
16	19	0.1559451737922472
12	15	0.15367831980035163
6	23	0.15329059676472923
1	2	0.15299209045191825
6	16	0.15104647232816
2	4	0.14490306138230497
3	10	0.14473807643427417
2	7	0.14272209118816281
3	16	0.1426664896689815
19	23	0.14112264478876496
16	23	0.13379752437077708
11	12	0.13190388720837037
2	20	0.13028494483398462
2	5	0.12740000847753652
13	14	0.12090708239136944
8	19	0.10995580899251645
15	18	0.10874833005181272
8	22	0.10441575227554961
20	22	0.10063922797106528
1	13	0.09149235517095122
7	20	0.08892515243199756
8	10	0.08631768460805184
10	16	0.08329219731483328
7	22	0.08302257143659209
3	8	0.08213732316258926
12	18	0.08077742071794569
14	15	0.08064197762515285
14	17	0.07908371179454471
6	8	0.07457791407157643
8	23	0.07338732696379113
14	20	0.06560971970466334
17	21	0.064544204655337
1	6	0.058591015767081533
6	21	0.05634901118143493
21	23	0.0547927443552233
1	23	0.0490864387933726
13	20	0.0448094206509998
1	16	0.04382369751595555
21	22	0.04346965063003444
1	10	0.04233818222395169
19	21	0.04020501895117362
4	17	0.037884077899640045
1	19	0.03766620186715014
4	13	0.037215243182284585
7	11	0.0343372056315136
2	17	0.03411694878229704
5	17	0.03200869348330426
15	21	0.031465465516405
9	17	0.029150436097120258
13	18	0.024592623902537636
10	22	0.021006728470321978
13	15	0.020068031010548826
22	23	0.01904871853763246
1	3	0.017691159479580887
14	18	0.01710930966041385
17	18	0.016529578428410796
3	21	0.01651930392020995
8	16	0.01638343485991184
9	15	0.01564491721464134
2	13	0.012512704105097916
4	8	0.011195980065021371
9	20	0.008856093245776742
11	22	0.008234859680752937
5	22	0.005405249793371203
8	9	0.005168235239928876
11	17	0.004903316633381172
9	22	0.004847470750390326
4	22	0.003369033122887166
1	12	0.003085290618550063
5	14	0.0022783392889795806
4	7	0.0019423969958908827
12	16	0.0016296866529459386
16	21	0.0007396203021612369
16	22	-0.00037463463914522155
6	22	-0.0005877625531732211
8	18	-0.000796150050380029
1	8	-0.0009554517486616843
18	20	-0.001602411946468929
11	18	-0.002116580078089847
9	18	-0.003470995285050793
11	16	-0.0037997108709685867
1	21	-0.004138868189348555
2	11	-0.005940458170258456
1	20	-0.006579419627594285
18	22	-0.007591245641903166
15	17	-0.008222414201904782
4	12	-0.008572954681180633
11	14	-0.008842508014019534
11	19	-0.009784725591887478
3	7	-0.010278279901424658
7	13	-0.010463752551339467
3	11	-0.011161605901389204
10	21	-0.011810889781921352
13	21	-0.012421014230953598
7	17	-0.012826355335708972
10	15	-0.012989725148300157
5	15	-0.013211784429454698
11	13	-0.01628166924718566
18	19	-0.017811154151023745
13	16	-0.018095909983113667
9	13	-0.018508201557583037
2	8	-0.018964683589141662
12	21	-0.020246073881812376
8	11	-0.02041347914221256
9	14	-0.02230625573409112
3	15	-0.022629448737479962
19	22	-0.02372361536391482
5	11	-0.024047503714495322
4	11	-0.024182595210327618
9	23	-0.024244447840145678
4	18	-0.024395507406277106
12	13	-0.025214584675718743
1	11	-0.027290194642091703
4	15	-0.027467202151384873
11	23	-0.028029021033652735
6	12	-0.02906916176435831
6	7	-0.029646808220308907
11	21	-0.02977047632701177
10	11	-0.03029281283566576
5	21	-0.03037129474524647
8	13	-0.030408436060578192
17	22	-0.031596863383225315
9	11	-0.031840653234085775
3	22	-0.03261721094799008
1	9	-0.03343978620139204
15	23	-0.03488140172295545
13	22	-0.03499860905423874
15	16	-0.035201212731017006
1	14	-0.035490185883963465
7	19	-0.03577124067548787
6	15	-0.03735078386946006
12	17	-0.03774543455169399
7	12	-0.037888923863073354
3	9	-0.03993291773583557
8	21	-0.040230710450477075
7	8	-0.04053246585925774
6	11	-0.040779479741010316
7	9	-0.04221146027950473
3	18	-0.04253733708028723
1	15	-0.0426167501191565
9	10	-0.04268176016265912
2	21	-0.042780578333703856
9	12	-0.04344425336789243
18	23	-0.043736175675848754
8	12	-0.04488041698129924
9	16	-0.04496746813327479
16	18	-0.04538754829898578
2	18	-0.047776657169166625
14	21	-0.047813983022699846
2	22	-0.04814561690027214
1	18	-0.04819278152641787
5	9	-0.04826325275477755
1	22	-0.04828696125165782
6	18	-0.048578790150206774
2	15	-0.048596215499886575
1	4	-0.04872797201240742
9	21	-0.049244519805093256
7	18	-0.049513009954695986
3	12	-0.04953923902769397
10	12	-0.05016980501121271
7	23	-0.05079775903483358
1	5	-0.0510434932024868
7	15	-0.05137239724679893
15	22	-0.05147296128047965
7	14	-0.054959385470379096
16	17	-0.05568596005367821
10	18	-0.05655831842864015
3	14	-0.058615321808750676
8	15	-0.059016392959511194
13	19	-0.05921393920227158
6	9	-0.06010973551609611
6	13	-0.06081748680804733
15	19	-0.06092833567349315
5	18	-0.060929136373477216
13	23	-0.06096940044405941
5	13	-0.06101200750189689
6	14	-0.06125953154911856
12	19	-0.06141988215585509
8	14	-0.06254899088393917
10	14	-0.06256910200509813
2	14	-0.06557118216711727
14	23	-0.06596945078761818
1	17	-0.06637085080866673
3	13	-0.06753856095107685
5	8	-0.06771909845084273
1	7	-0.06791668373046994
12	23	-0.06865179859152537
17	19	-0.06889778213787934
7	16	-0.06892701405313989
7	10	-0.06947245725931828
11	20	-0.06996797605007093
14	22	-0.0703099056961686
9	19	-0.07078019678779512
12	22	-0.07136416597681036
4	16	-0.07268398083338806
19	20	-0.0734757442763293
10	13	-0.07790857040437657
14	19	-0.08258940282804555
8	17	-0.08361770367098667
3	17	-0.08400026346031592
4	10	-0.08540448703486336
4	21	-0.0873274153845068
20	21	-0.08746537719790287
6	17	-0.08816625567830116
2	23	-0.08858974861911284
2	10	-0.0901593184677209
17	23	-0.09091175847028354
14	16	-0.09118437313681657
5	16	-0.09153605240573581
7	21	-0.09283373201989295
2	16	-0.09283640090739312
5	10	-0.09303511549744964
15	20	-0.09407008512809223
4	14	-0.09532659649211009
10	17	-0.09732358813849659
10	20	-0.09916978512341729
4	19	-0.1001909038182906
4	6	-0.10439560728673658
4	23	-0.1067525830162998
2	3	-0.10816883397749738
3	4	-0.10863068066491893
5	12	-0.11329818300571112
2	12	-0.11670552562472292
8	20	-0.11844238172333096
3	20	-0.12020003694918607
16	20	-0.12195294464464451
12	20	-0.12353737291037797
20	23	-0.12379704336149772
2	6	-0.12398784753814257
5	19	-0.13124864819697596
5	23	-0.13145831477283443
3	5	-0.13240047964880458
5	6	-0.13332492501449145
2	19	-0.14097932481252873
6	20	-0.14365942966372497
