15	18	0.5927159533781088
30	31	0.4900901192855407
29	30	0.35531632007597624
20	24	0.2786972511450768
27	30	0.27306268629193253
1	2	0.26581125911782644
8	12	0.2276110727206247
9	10	0.21727880490032514
18	21	0.21443502221572722
2	3	0.20219991880294064
6	10	0.19620447654179857
26	31	0.18921436169750797
7	19	0.18854658684319808
16	20	0.1861717436990556
27	29	0.185950038120263
6	22	0.18200852132465878
10	11	0.17434390976196856
4	7	0.16642048934377307
20	29	0.1610171481964911
24	29	0.15880321156759708
4	23	0.14432937278377506
12	13	0.13869331843456828
20	27	0.12986918171668715
10	19	0.12783643764168662
24	27	0.12613365264568943
14	16	0.12435653483709908
3	13	0.12066709062978637
28	29	0.11905379791417256
21	25	0.11879714563613697
10	18	0.11517095875149275
10	15	0.11468949936779083
3	4	0.10844895476371075
7	23	0.10569710009653471
7	9	0.10253253137680735
17	18	0.10016675819655896
22	25	0.10011969265828402
3	23	0.0983655685353566
3	8	0.09513049618165131
1	9	0.09302793229493195
5	23	0.09031295005483747
4	8	0.08856029544501892
9	13	0.0884596411608447
25	29	0.08838538498049764
1	5	0.08831506215679077
16	29	0.08592406606789349
7	26	0.08087892794554652
11	14	0.07846220837131301
24	30	0.07592798983968868
1	3	0.07544463003454194
16	24	0.07352279074085832
20	30	0.07327199866046469
11	19	0.0722381844459623
8	23	0.07154886119785075
21	22	0.07148639828194475
10	22	0.07132364390733203
11	13	0.07053656422314925
3	9	0.07045694546926762
2	6	0.06954668283136167
7	20	0.0691669566998353
9	11	0.06792276742555003
16	27	0.06683838708346285
3	11	0.06671829063447354
2	5	0.06620031940323423
21	24	0.06529063139777394
17	21	0.06357355892177244
4	5	0.06250613705581726
1	8	0.06174955266551879
17	28	0.06157988085660557
6	9	0.061436410653297524
11	23	0.061045223746327204
1	26	0.060172236769881204
3	6	0.05932227554341396
6	26	0.05926466357068044
14	31	0.058930631335898376
5	8	0.058745316050319074
14	15	0.05847271573450341
3	25	0.057593004596994846
12	29	0.057003217746389334
27	28	0.056795750158589536
5	9	0.05630426453599857
16	17	0.054845732242130435
5	13	0.05422753056875429
2	9	0.0542134396151599
12	16	0.05300936304158571
1	14	0.0514051209570732
8	11	0.0501234345821997
3	5	0.048921229244533015
3	12	0.04868145995568346
19	26	0.04823287339189525
2	8	0.047978516605964694
28	30	0.04765875559561911
4	19	0.04634281484185476
16	23	0.04347502139625414
14	17	0.04310714429747889
3	20	0.04251218096106468
20	28	0.041359621049931655
11	16	0.03941183398314452
25	28	0.03913146847495755
14	26	0.03844357719094066
5	7	0.03790371737018816
23	27	0.037645848608318655
24	25	0.03694274598009903
2	26	0.03676333469817489
9	22	0.03515785788145165
16	19	0.03503648584402341
28	31	0.03484932806416294
13	16	0.03414777489848625
5	6	0.03337044431472036
13	15	0.03301591099367035
6	13	0.0320646846163567
7	16	0.03193194292079771
15	17	0.03189614979050845
16	28	0.029757492703117783
3	26	0.029546724927282386
24	28	0.029429626291334082
3	27	0.02928884967278983
21	28	0.028811175679416712
14	19	0.028562098602283703
19	23	0.028434170431831607
23	30	0.027665108013851636
12	19	0.027120504810029478
2	17	0.026923392914669525
7	22	0.02692228996582713
17	19	0.026738694190684947
26	29	0.026500268924260773
6	19	0.026491672514901587
17	27	0.026133016265147663
13	20	0.025525241348290817
15	19	0.025382700089771337
22	26	0.02515786480904947
8	16	0.02433907429694715
14	22	0.02385496804870768
1	4	0.022529321045432482
20	21	0.02239624327182002
13	23	0.021860454650220684
19	22	0.02172374942442984
8	9	0.02129785817316371
1	23	0.020419520278847414
11	12	0.019771803742836158
23	24	0.019287209992859822
10	13	0.015488873275380066
11	15	0.015219107671416376
5	26	0.01492577838708975
10	12	0.01268071213556532
8	13	0.012269008761134736
17	22	0.010792989432907935
9	25	0.01070598721310767
5	11	0.010541894507913485
4	11	0.010338309246544553
23	31	0.009799267900456043
9	12	0.00848141658546675
3	16	0.008030386498656616
14	21	0.007327769596914113
7	27	0.006840039589097402
6	14	0.005471543392193301
17	24	0.005457864544061719
12	24	0.0053078265319599915
3	10	0.005259246636364345
20	23	0.004543517055314916
8	10	0.004541238957322169
3	15	0.004475107670184608
6	31	0.004389051555994339
13	14	0.004176065700890297
7	11	0.003742267426341095
22	31	0.0029438826278920804
17	20	0.002608011278443706
21	29	0.002231484339623946
2	12	0.002066518732632916
4	22	0.0014838557458929924
26	30	0.0013690196535712795
11	26	0.0010820708818199964
17	31	0.0009238153305256569
19	24	-5.475879296074071e-5
2	13	-0.00013378645407113865
14	28	-0.00045779803596349145
6	11	-0.0008628292974345309
2	22	-0.0009850586879643908
3	22	-0.0011208891496388151
22	29	-0.001141034275121633
4	25	-0.001371249061935309
13	17	-0.0018296888947359757
12	15	-0.002273037528672972
14	18	-0.0024829292641137535
2	4	-0.0028318870494077886
15	25	-0.003163938862002613
14	25	-0.0034031853107054366
25	26	-0.003643742507557113
19	31	-0.004730903261392083
6	7	-0.004905358667167403
10	23	-0.005038951596690766
4	13	-0.0051599131465311365
5	14	-0.0051736924254146
4	18	-0.005263760414384755
7	17	-0.005471526288138406
22	24	-0.0062381556567907
17	25	-0.006396165832959155
18	30	-0.006519636203842827
18	31	-0.006756445816178097
17	29	-0.007096314531585296
4	26	-0.007126347166910019
25	31	-0.007257852726006514
12	25	-0.007285237298923608
21	27	-0.007506050393358249
7	14	-0.007833719598218936
18	24	-0.00800054184842
15	21	-0.008037970160951646
2	14	-0.008839184589325588
17	26	-0.009155454998849316
7	8	-0.009179787353728375
5	10	-0.009357874458446325
19	21	-0.009387862713044398
9	20	-0.009623174615955854
4	6	-0.010282990218750176
1	22	-0.0103083923785445
2	23	-0.01037705529477373
1	19	-0.010384385050571432
4	14	-0.010486677339007877
5	31	-0.010756992790097814
7	25	-0.011177205609105845
12	22	-0.01120194342247649
7	10	-0.011293234112472683
19	28	-0.011339643953761136
1	6	-0.011577068970371696
6	17	-0.01189128154697136
6	12	-0.012205119845974055
26	28	-0.012282664119361852
18	28	-0.012374833782027722
12	28	-0.012411418014250719
15	22	-0.012516626090570165
21	26	-0.012687872144142825
1	21	-0.013064074130646447
1	12	-0.01529115878166118
4	27	-0.015601481418881347
14	24	-0.015701488910059347
8	28	-0.015959334486376958
11	25	-0.016612863493986108
6	28	-0.016630401284775664
22	28	-0.01672494834895774
18	22	-0.01686664362385984
1	25	-0.01695780147993939
10	26	-0.017074153077109133
15	16	-0.017390446275803717
13	18	-0.017585286203327583
16	30	-0.01826930334829724
2	21	-0.018749684637024144
10	21	-0.0189521739676064
7	12	-0.019663651211251576
12	26	-0.01981339025397061
4	12	-0.019929338888175052
2	28	-0.019946290048125703
5	15	-0.01997122293845849
10	31	-0.02044182795826255
5	22	-0.020824550287223464
19	27	-0.02089434312718247
8	14	-0.021097963262588004
1	13	-0.02112748272559678
19	25	-0.021247099204390996
1	20	-0.02145732132857117
1	17	-0.021686445185886277
14	29	-0.021702385221086196
9	23	-0.021715440797765717
18	25	-0.022196363269897212
23	25	-0.022292173647903535
5	19	-0.022383164306196024
18	26	-0.022387828118136277
5	21	-0.022569738067737544
5	17	-0.02263568115234041
6	8	-0.022813605545076998
11	31	-0.023188634033036032
25	30	-0.023282825400828433
2	10	-0.0233684476949248
1	7	-0.023638681739510392
11	28	-0.023884696738108058
8	20	-0.02400157031799066
13	21	-0.024352448243506103
15	28	-0.024499941820320115
7	21	-0.024555279013517173
14	30	-0.02458841953526225
21	31	-0.024932264433169676
11	27	-0.025588641238743104
3	31	-0.026052999809383637
7	28	-0.02642922491203259
16	25	-0.026651094880277643
29	31	-0.026677954767466566
9	21	-0.026876209576619237
1	11	-0.026955097322792
2	25	-0.027047523667100337
2	18	-0.027219650578936605
19	29	-0.02734765394172739
8	17	-0.027397690008454295
13	28	-0.027550772833432685
12	23	-0.02776528919348703
10	25	-0.027830131534380298
5	12	-0.02787839230197442
8	15	-0.02808937698723879
4	31	-0.02835803620384031
7	31	-0.03030235686595617
4	15	-0.030526647311307276
13	29	-0.03065295079123409
8	25	-0.03127199140582021
2	27	-0.031641388450389385
13	27	-0.03165599939853392
5	25	-0.03187153259961137
6	25	-0.03190897068997678
6	21	-0.03200300056039973
24	26	-0.03218836531012528
16	21	-0.032442818948344054
9	17	-0.03287457540375649
12	21	-0.03331846193065591
23	26	-0.0337607237556114
9	28	-0.033901886381894036
8	27	-0.03429779688844592
11	21	-0.03466510256320221
1	28	-0.034752836006973736
13	30	-0.03504097752515717
15	24	-0.035317898454300445
11	17	-0.035592367017315385
13	24	-0.035716677490320176
6	18	-0.03583552788149191
4	10	-0.03620450308812828
9	26	-0.03684222156476791
12	17	-0.03698090543804236
14	27	-0.03764646410576114
5	24	-0.03767764978901997
8	24	-0.03777255261618401
2	7	-0.0380873603561227
19	20	-0.038379166106172646
27	31	-0.03888161177024338
5	20	-0.03929288935438752
2	19	-0.0398541060022774
4	16	-0.03994356274306737
5	28	-0.039956767626014716
1	31	-0.04015800234513778
4	21	-0.04022251912365429
2	24	-0.040244191905531634
2	31	-0.04056664448059638
4	30	-0.040580440863955236
18	20	-0.040876233556767394
20	25	-0.0410953715371499
8	21	-0.04178562180640388
24	31	-0.041928234088097455
12	20	-0.04202784057812964
21	30	-0.042089175337126306
18	27	-0.042121626503622944
3	17	-0.042248873226369055
1	15	-0.042940845132017486
1	18	-0.04345178425820043
2	15	-0.04394013504417221
15	20	-0.04439780659417625
12	14	-0.04513602236032238
5	30	-0.045379262295282996
9	29	-0.045404082386881095
12	18	-0.04610532685484103
10	30	-0.04728290730333129
20	26	-0.0473405664754849
5	18	-0.04778570655975592
12	31	-0.047861746321586685
26	27	-0.048316430295669455
6	16	-0.04843646204253205
23	28	-0.04853147251398329
19	30	-0.048997123148808
1	24	-0.049156238655498175
15	29	-0.04917436059006422
4	28	-0.049266150190919594
8	29	-0.04935282000173524
10	17	-0.04943166085004494
15	26	-0.0500125631162055
13	22	-0.050448577583849546
4	29	-0.05051515736872414
4	9	-0.051310683876980845
25	27	-0.05156606274857642
9	15	-0.05187874277255278
18	29	-0.05191433331065978
13	31	-0.0522396276080741
11	22	-0.052854995848248154
3	28	-0.053283875690443294
6	30	-0.05348002920605566
10	14	-0.05352383337824723
2	11	-0.05355269499011783
8	18	-0.05370200841267256
23	29	-0.054076612414309555
9	30	-0.05433967073078405
6	27	-0.05457880580647778
16	22	-0.05529875429549766
6	15	-0.05532580321259972
4	24	-0.055481785610648315
18	19	-0.05635669551454592
9	18	-0.05773175779527048
6	23	-0.057870428128974916
5	16	-0.05793891489851799
7	13	-0.05824927867521451
1	10	-0.058721262155301795
8	22	-0.05965033476934262
4	20	-0.05993102526695604
15	31	-0.060012820773488434
9	27	-0.060029906979339576
10	28	-0.06082445111203008
9	14	-0.061255184775549754
11	18	-0.061808614350444185
15	23	-0.062070502123360016
13	25	-0.06290264979987262
9	19	-0.06293798366638975
1	27	-0.0638231027589283
6	24	-0.06426816210945882
20	22	-0.06481759135489912
3	30	-0.06525829678030926
5	27	-0.06601174540303664
4	17	-0.06627949018968488
22	23	-0.06646945305754964
17	30	-0.06753608817134293
2	16	-0.06768947370313483
14	23	-0.06853425812029551
22	30	-0.06878009669594931
15	27	-0.07052058272939862
2	20	-0.07201770109329492
9	31	-0.07230849939257158
8	31	-0.0723303954792702
6	20	-0.07256122282586064
17	23	-0.07264746617294607
7	15	-0.07274589167269582
14	20	-0.0728055682850055
8	26	-0.07301440975276913
7	30	-0.07386634493572597
18	23	-0.0752136284488471
20	31	-0.07649863739470672
9	16	-0.07746342662970107
8	19	-0.07754424069301341
16	18	-0.07842746640475023
21	23	-0.07854168251179378
1	30	-0.07858472461099814
7	24	-0.07888226837409967
11	30	-0.07908542200326979
10	27	-0.0791898458103531
22	27	-0.08045270773683744
12	27	-0.08071445625365989
10	16	-0.08087521912863521
8	30	-0.08177538457843908
11	24	-0.08182867875788846
7	18	-0.08262822109278217
3	24	-0.08672170696923703
16	26	-0.08680461818800328
3	14	-0.08808516317144027
2	30	-0.08875405053707758
1	16	-0.08888663484189324
9	24	-0.0915839160981664
16	31	-0.09274852216241866
12	30	-0.09275195995392155
6	29	-0.09543875643960575
7	29	-0.09593217541487598
3	29	-0.09593758604641578
11	29	-0.09629974928244511
1	29	-0.09712981523138997
13	26	-0.09863289416933108
3	7	-0.0987911474523181
10	29	-0.1006528756895298
3	19	-0.10639957641508979
3	21	-0.1086093947983193
13	19	-0.10954844018631393
11	20	-0.10960599367098361
15	30	-0.10995400443030864
10	24	-0.11180525278458889
5	29	-0.11568195943405832
2	29	-0.11777937905986288
3	18	-0.12760724242083832
10	20	-0.14908093609570375
