3	44	0.3997485673607098
7	10	0.3745535964049766
46	59	0.36021282938339133
33	35	0.3127130280915815
25	46	0.30617679056720143
18	59	0.2794086659772602
3	19	0.2647507420757147
13	17	0.2638622404879133
12	28	0.26138047563314765
54	58	0.2585139714731789
24	47	0.24016523340601786
6	61	0.23716580695711093
39	40	0.23378209022628246
36	40	0.23149411677275664
1	56	0.2250824882043953
15	44	0.22081896416097285
48	50	0.21438734587058372
48	51	0.21192898245075736
3	60	0.2078576221627285
47	51	0.2055681758387627
12	35	0.20405385374249016
10	65	0.20101768015063304
25	30	0.19624568975694656
8	67	0.19530307615945836
27	45	0.19524491742051903
36	39	0.1938693899480342
3	41	0.1938525834581186
12	30	0.1888009942432238
22	58	0.18654970454485192
17	20	0.18362338295183267
46	56	0.18325032070785086
25	44	0.17876637566738945
23	60	0.1783297986242717
16	20	0.1746003396789203
30	33	0.1734208200022177
19	43	0.1732768568125023
4	35	0.17225278451181375
1	5	0.16834891428172405
1	46	0.16539600758102663
23	40	0.15874730743765475
10	11	0.15698950459907868
62	69	0.15408480826070803
6	33	0.15388892188765738
40	42	0.15216414766135822
19	23	0.1502776278428241
3	28	0.14745859425588131
60	61	0.1472139476976717
33	40	0.1464702908833233
23	25	0.14629420824953168
7	9	0.14597214086580013
28	42	0.14434061562374884
33	39	0.14221117293003355
2	4	0.13981049053165795
18	69	0.13969912627676023
19	40	0.13899519554471246
47	48	0.13866973150728218
7	64	0.13633737557022652
4	12	0.13612637834443533
40	43	0.13180637383894325
24	51	0.13171027849535327
41	42	0.1314991839026057
23	56	0.1302463863229896
38	40	0.12916796522135393
33	41	0.12537412717811652
39	41	0.12320666525331811
4	41	0.12310532624384321
23	33	0.12269714816877769
5	41	0.12177968717986537
31	56	0.11809002321023965
11	13	0.11654482236007718
6	28	0.1163501276554928
64	69	0.11569644189617773
14	37	0.11280185242553237
16	26	0.11267279443115041
63	66	0.11267190134515637
19	36	0.11087059767652269
34	35	0.11031776176795804
41	56	0.11020225563283437
31	41	0.1100467707468758
5	8	0.11002028453112589
15	42	0.10947160352187524
23	43	0.10859024804783496
3	23	0.10846620614446972
28	38	0.1083914965093471
1	23	0.10726674418518733
7	41	0.10687037236274255
54	57	0.10677642372967266
43	60	0.10475873672815367
4	40	0.10464658206794644
19	60	0.10464216013546207
29	31	0.10434187954297286
1	2	0.10429709408188481
49	53	0.10378449471213497
46	51	0.10371371817602898
34	63	0.10352326851715066
26	45	0.10349529498084792
18	22	0.10302618898025778
19	25	0.10284664766171131
12	36	0.10180750612966699
9	37	0.10175076669872096
23	39	0.10096197160841977
29	32	0.1003843781021242
31	35	0.09959858904754887
58	62	0.0993277119790173
19	42	0.09932697334239277
33	42	0.09853858802752824
25	36	0.09811249305043512
5	68	0.09744327808752223
3	42	0.09505268302599881
44	46	0.09464530925271836
68	69	0.0943711935849405
14	65	0.09422812984523637
18	67	0.09396432453983594
51	52	0.09391400121164284
23	41	0.0938088723051465
35	36	0.09322685998594332
5	18	0.09301148599420345
30	56	0.09291218853937383
33	36	0.09219902229062826
38	43	0.09196949983955174
2	15	0.09149891189353615
51	54	0.0912929038946485
25	50	0.09110247997310747
53	57	0.09057563056075435
5	67	0.0901695780915247
48	55	0.09004447566619111
1	43	0.08997823719132517
19	33	0.08970504691788841
17	58	0.0889906159588752
19	35	0.08847748394231147
26	47	0.08806879697160047
37	45	0.08802611034064417
9	65	0.08752055373560241
26	48	0.08735010403349752
10	64	0.08727230314643414
12	40	0.08725663309441065
27	29	0.08663970376081065
41	61	0.08649368595478008
42	44	0.08637730826945736
23	42	0.08601271144733347
20	21	0.08535070727133304
8	37	0.08534788788524034
44	48	0.0852275428254915
23	30	0.08488082761716931
56	60	0.08479753684488489
28	31	0.08478652600518177
4	43	0.08458181814210308
18	46	0.08451468027828368
43	59	0.0844735349701059
39	60	0.08439152222514318
64	65	0.08429205045280858
15	63	0.08366298160708185
27	31	0.0836190337960428
36	43	0.08337879281392704
37	57	0.08335714302533592
19	44	0.08285290580806873
40	69	0.08230226839357213
33	38	0.08166259131700473
25	33	0.08163287018863852
33	43	0.08152519587356996
38	42	0.0810854749514224
8	29	0.08095405199872818
8	13	0.08036518959647493
41	60	0.0802257410193471
1	29	0.07975884876439893
14	59	0.07846093461819187
50	54	0.0779692969633064
8	10	0.07774255419207371
12	44	0.07661103275567785
5	56	0.0765355175615724
18	62	0.07614725632652142
31	42	0.0760039825693512
61	62	0.07592979313508996
29	45	0.07540400224053473
11	34	0.0752379403313273
13	55	0.07511057860130416
4	8	0.07472535507634298
11	14	0.07456576789601599
45	52	0.07412101578153046
36	38	0.07411846157703675
11	59	0.07409998748798641
25	60	0.07381136223281157
5	59	0.07369346367277457
22	25	0.07360368840460851
30	42	0.07356765050132846
5	24	0.07349618627704824
19	30	0.07335482650230374
18	64	0.07325726826943185
1	19	0.07317320941637565
11	15	0.07244063204956908
55	63	0.07206093169550243
45	57	0.07088585485419768
25	42	0.07049081554244735
4	26	0.07032588827318254
4	69	0.07003895891154427
1	51	0.06891233584412887
28	30	0.06844358827117308
19	39	0.06842896992459549
38	46	0.06786398917602388
17	47	0.06784105326123269
16	69	0.06768835705265652
49	50	0.0676253828900184
27	65	0.06700069097811262
24	46	0.0667249713676481
40	56	0.06594211688098583
21	22	0.06557504967751804
40	41	0.06550486225996396
27	52	0.06540371861200639
65	67	0.06513968120426811
11	35	0.06512291419188995
13	27	0.06407563863642957
55	62	0.06403611897359562
42	56	0.06369662282473126
17	29	0.06317784233924684
7	68	0.06297959990691804
13	16	0.0629586371522935
49	52	0.06264437994537464
20	24	0.06254742786574286
30	38	0.06252751915227381
37	48	0.06241221644639511
4	6	0.06226636478353326
39	53	0.06202454509887778
16	17	0.06199613262006326
39	43	0.06193168581016528
7	69	0.06185094203189201
58	68	0.061628526311877374
14	32	0.060771809205106164
29	39	0.060666554199047984
57	63	0.06050157325123934
41	43	0.06049745519572497
5	30	0.059216793967377335
2	61	0.05916224219013694
52	66	0.05898993421295862
46	67	0.05897644118683998
32	52	0.058886503141293844
22	59	0.05867625490864736
7	18	0.057974376899712854
6	30	0.057597607936976436
24	57	0.05719078923591231
23	35	0.057184791295907006
17	26	0.056997534416597995
2	13	0.05669240229366129
23	36	0.05666394430737265
2	16	0.05649917151139677
57	58	0.05648462594595094
47	49	0.056231544092797625
8	32	0.05603219857634356
43	50	0.05602996069265695
1	14	0.05584171817684486
32	61	0.05555177925007054
8	66	0.05554481772027947
26	67	0.05550295590206272
32	66	0.054976844908166844
6	62	0.05470297033415805
25	43	0.05450994769975767
32	54	0.05441496399754431
2	34	0.05413150390345517
43	46	0.05401627870671882
21	58	0.053529530697776495
3	43	0.0533317796460841
24	26	0.05332579425712464
40	60	0.05332047618199334
21	63	0.053141447201466296
25	56	0.05292327558160964
21	27	0.05285763540844385
23	69	0.052807623746509685
7	61	0.05280242738740443
5	49	0.05279819265658592
58	67	0.052740203866806445
6	40	0.05269377459829902
25	41	0.052686811922818794
34	37	0.052623198352344636
54	67	0.052610873642988165
11	38	0.05246435975461153
20	45	0.05245918338603095
40	59	0.05245769983341722
7	65	0.052003581220701145
10	44	0.0518863053046984
49	65	0.051800761459831646
39	56	0.05176112164749333
26	55	0.05170768641885365
36	37	0.05156124264109471
14	18	0.05131781503116278
15	20	0.05130569815524433
33	60	0.051301708679170305
30	66	0.05120706902895794
42	43	0.05089801227822102
17	21	0.05083408131736422
4	7	0.050714942800096696
31	44	0.050348643961971196
37	62	0.050276582965061545
62	66	0.05024274933960099
15	28	0.050155695993253424
5	44	0.05002199829994519
8	38	0.04976494417978572
39	59	0.04971943999927814
10	14	0.04963264822665203
6	44	0.049502943556929024
19	64	0.049382615818558656
1	6	0.04917961405564997
24	58	0.0490658216544661
22	51	0.04896168293996839
47	55	0.04873279974146533
43	64	0.048665266035178845
8	64	0.04865341371312076
4	38	0.04851346684521238
17	34	0.04848890405333833
50	53	0.048451114201636836
2	31	0.048389864670786376
11	45	0.04833862229841007
8	63	0.048263820337988594
44	52	0.048247946253886675
63	68	0.04824272095563342
35	42	0.04818760756827087
28	66	0.048182926521021074
1	4	0.048169965445941404
17	53	0.04811251093354202
27	66	0.04810341408298441
37	52	0.04771724105753555
34	41	0.04766640437915559
31	36	0.04762284804409159
55	66	0.047318748864248084
12	23	0.047180319036766005
57	62	0.04716029411552464
13	66	0.04714293581971568
12	32	0.04701723386041773
34	67	0.04695913205148089
14	21	0.046828869079518665
26	49	0.04671148121330937
18	56	0.046676889477289485
10	67	0.04660681891091889
59	61	0.04642618849986452
32	50	0.04638236835355175
52	53	0.04612846892921185
12	20	0.045870499614303034
6	38	0.04586074187323297
32	43	0.045781057915830065
46	52	0.04573257717181489
12	25	0.045706058527196836
41	49	0.045648143455955026
43	44	0.04556840581998603
1	12	0.04553528643138541
23	50	0.045525622136656896
53	55	0.045358085607732024
23	64	0.044824908285172604
9	21	0.04474867919118164
31	63	0.04461371573018286
32	35	0.04444729129730801
59	62	0.04422195956957553
4	25	0.0440914412053319
14	34	0.04402482977346295
60	69	0.04389157210771072
16	61	0.043743574590997425
19	69	0.04372274102210902
29	49	0.04367293221885005
55	61	0.04362287190390357
19	41	0.04360146852504593
14	52	0.04354653629466698
48	57	0.04350982320419777
44	61	0.04341182331522603
26	29	0.04333360592965413
14	38	0.04330123405189956
51	57	0.043280537662967244
22	43	0.04326206664986307
1	22	0.043256565829964566
21	62	0.04323621045011217
11	33	0.04298635415048074
61	65	0.042982119928313245
12	42	0.04297424471277536
28	67	0.04292700004708255
16	54	0.04281922526589288
47	63	0.04276875478005082
1	38	0.04263962028882018
4	45	0.042428096380950575
10	38	0.04191138660071725
25	40	0.04181896871490137
5	10	0.041719593325533044
24	54	0.04138412011645992
9	63	0.04120706785032324
35	67	0.04107780716591264
31	67	0.04107143444406752
6	20	0.040935677916404456
33	53	0.040749047893566454
1	40	0.040698378443626726
15	27	0.04054373532285066
61	68	0.04047587724928653
42	69	0.04046611930927438
5	21	0.040342887799129146
53	68	0.04025249597503838
16	62	0.040235219649888354
14	16	0.040232752693800944
43	69	0.04022968147452721
30	46	0.04001755676256041
9	11	0.039886586367065324
9	20	0.03982837288483049
29	52	0.0398049530990065
49	67	0.039753586403101615
47	62	0.03961345509473846
65	66	0.039559829784801714
37	39	0.039434618367635454
6	10	0.03938940880243874
22	62	0.0393500992204987
9	16	0.039333792641870036
34	53	0.03932452553537602
51	66	0.039187032143566114
7	59	0.039159763505678596
58	59	0.03902109901205292
21	37	0.03900552798531076
36	42	0.03872145811055855
3	61	0.03871264677370442
29	63	0.038530965701868036
55	67	0.038480807208842616
1	18	0.03841497257793608
21	54	0.038341191968146615
2	45	0.03833644395545899
45	68	0.038289489102714236
7	42	0.038267011949590785
39	69	0.03825888276699688
29	53	0.038227662614616464
11	19	0.03807385816971995
4	19	0.0379271347361583
22	64	0.037897045717812605
16	21	0.0377617376280604
2	28	0.03773260681117241
10	45	0.03772757309328534
16	24	0.03767136329073795
21	49	0.03733322569884889
12	16	0.03732186007350102
13	47	0.03723653226166379
11	29	0.037176924695503544
58	63	0.03712630186938831
2	53	0.036993248904190534
24	38	0.03694580840173256
9	14	0.0369141984776421
22	32	0.03681892519172997
10	15	0.0367227366095928
2	6	0.0367205151234688
30	62	0.03669002674857569
24	67	0.0365868845902903
46	65	0.03649304844057566
1	47	0.03644018986011055
25	51	0.036320844783550965
32	38	0.036011275344102756
47	53	0.03592254216518881
7	14	0.03588773537296741
13	29	0.03584701944190849
6	15	0.03577590030260103
38	41	0.0355998224537698
2	7	0.03532115196757413
12	19	0.03518695291696025
22	29	0.03513216451072121
49	56	0.03507569243934844
8	9	0.03505481271401578
50	63	0.034953591148032315
16	47	0.03489066665942697
3	11	0.03478740469175082
13	14	0.03462425720100265
21	24	0.03460182401353623
54	66	0.034573903541898654
2	20	0.034492473194812745
13	69	0.03449175306976049
22	54	0.03431101678166276
17	52	0.034252971321283465
35	53	0.03401356107781217
32	63	0.033989156640561125
9	26	0.03398111009847421
16	63	0.03397663094838682
21	47	0.033970026048247226
36	62	0.03385633684408662
30	45	0.033775737533055905
20	29	0.033613681237211424
52	55	0.03337785399222665
50	67	0.033271889031803226
18	43	0.033261991530245005
60	68	0.03320265076400872
11	27	0.033174864283803285
8	61	0.033162914435020285
4	42	0.033111034811573736
2	22	0.033063813793699603
55	68	0.03299049920097619
13	63	0.032972521633837015
10	27	0.032941113650209464
23	59	0.03282360358494016
34	58	0.03262665943991272
24	49	0.0326227584733948
2	29	0.032574245483052156
46	60	0.0321965449648417
4	23	0.03216480712155681
54	55	0.03215399848327721
36	44	0.03191942201366951
26	31	0.031828029030856464
47	57	0.03177107447327854
7	67	0.031753375372851944
2	57	0.03174413207106358
33	56	0.031637619457863614
62	64	0.031626897372966756
2	17	0.03158114906383386
14	63	0.031574811658307333
35	40	0.03155766100870047
1	67	0.03137484849273575
25	59	0.03124216200649818
66	68	0.031228999237774446
9	50	0.03089550340415309
17	64	0.03077621992152435
20	50	0.030725736237885215
28	32	0.03061814398190793
16	57	0.030553888928740447
16	52	0.03038366913553986
48	49	0.03034522065105366
57	68	0.03033007533901838
30	40	0.030070961164625015
2	26	0.030048501012245044
25	28	0.0299891785809574
38	39	0.02986173474420739
4	37	0.02984195069844492
23	37	0.029816402687829674
6	26	0.02977547313271156
45	53	0.029771819288265444
57	66	0.02966284249938217
34	55	0.029451911120502106
53	62	0.029352203499140972
13	65	0.029292547561417748
9	69	0.029159419874624948
20	43	0.029067130777166994
36	69	0.02906414618817907
51	53	0.029011612126875475
64	66	0.028938087986765837
28	41	0.028813300694373378
15	68	0.02880686857488829
14	62	0.02879616564221338
53	63	0.028740981645572372
9	64	0.028730104157391245
11	16	0.02853860805223518
26	62	0.02834115701696449
16	53	0.0283406642410845
23	38	0.028306364152046792
52	68	0.028175456280330746
13	45	0.02814451060738271
35	38	0.02803641827095446
31	68	0.027944276396098866
42	61	0.02790915160530577
35	68	0.02769420188574384
13	52	0.027689141396259553
49	62	0.027602362688851245
21	68	0.0275754236221602
26	57	0.027427356683000614
29	58	0.02712696250293023
34	61	0.0270604779272266
31	58	0.027000796361974222
52	54	0.026932080042435136
40	44	0.026904812904717246
7	8	0.02688253080360742
8	34	0.026861534492071792
15	45	0.026802768678994948
11	17	0.02676758345141922
21	26	0.026700855001346113
9	58	0.026378006033553336
34	65	0.026322810958733067
2	60	0.0263040222563089
22	52	0.02628330695137926
22	55	0.026263739754734616
2	27	0.026074785437997294
2	52	0.02606461847710989
49	55	0.025972664799561007
20	26	0.025971740393764542
15	26	0.025957698340996815
30	52	0.02587486434158226
21	67	0.025817170337615547
42	59	0.025808522656258853
27	34	0.025784094321410544
13	61	0.025660338979628994
46	49	0.025654601261913823
23	46	0.025630698254197504
14	64	0.025571091686096836
55	59	0.025538470002595265
14	53	0.02553596413684467
45	67	0.025514060806206607
1	25	0.025513683448877417
30	35	0.025463833009684606
9	54	0.02543295819053981
27	50	0.025354110026761134
16	37	0.025350962441782032
49	57	0.025341742540185508
1	24	0.025286137600989356
62	63	0.025273004820954792
32	37	0.025215334931958544
35	39	0.02497734068529217
21	55	0.02482192541772371
56	59	0.024805158521959164
49	63	0.024693638020677366
27	64	0.02465846451607112
56	58	0.02430560411768007
18	60	0.02426308874608482
22	68	0.024221862924053483
41	64	0.02418979277594105
28	29	0.024182609933700083
11	48	0.024156287525329723
28	37	0.024143759146419363
57	67	0.024094033848663543
19	56	0.024000397070997326
32	62	0.0238167194582094
28	47	0.023359669600361288
41	45	0.0233334209881062
9	68	0.02330796703347865
34	57	0.023151503805116436
15	66	0.023089666034720235
32	34	0.023081654977022525
67	69	0.022687254521997713
54	56	0.022680852517685257
13	57	0.0226190241320377
8	49	0.022548461111830453
13	32	0.022541873948183022
16	22	0.02247784827869881
48	63	0.02247310140461778
62	68	0.022414534869907854
27	57	0.022326792367891368
10	54	0.022253408602963265
8	48	0.022176130534864114
13	21	0.022046904949752144
20	49	0.02198381844789915
34	68	0.021945002850743855
33	59	0.021936890827080474
13	34	0.021784519409189407
6	48	0.021728584507953896
14	15	0.021688197935176068
60	64	0.021663227799072315
38	50	0.021655735464239018
15	22	0.021635843538494348
30	43	0.021607764385481815
10	69	0.02159431454283639
6	36	0.021556403103999144
2	9	0.021437089683047528
63	65	0.02139755541603794
6	69	0.021302639319838224
52	59	0.02125381381370811
37	53	0.021148792455271126
8	53	0.021054644666671174
52	60	0.020682306387810073
9	47	0.02041651534983152
34	69	0.02034058911668385
22	63	0.020316826025658707
4	64	0.02024746021057705
20	51	0.02020495941930911
20	32	0.01995125954902971
10	17	0.019915623972903584
16	50	0.019812267092562785
31	61	0.01974930270438513
3	55	0.019733590384065747
16	55	0.019620012223171057
35	54	0.019590028262142734
6	34	0.01946798001453709
6	45	0.01946254097454686
26	51	0.019304204509211054
7	45	0.019291260067047733
15	67	0.01927805132452559
21	61	0.01925312667784096
49	54	0.01922919733348799
37	41	0.019210608860724954
9	40	0.0191464023097703
15	65	0.01907057328491968
13	50	0.019056033437540032
17	32	0.01905514292215582
9	13	0.01901436035047155
5	27	0.018989102990842832
31	47	0.01897912979118699
27	62	0.01892353190228696
49	58	0.01885707528427394
12	27	0.01884001718683359
8	58	0.01881768427013364
12	45	0.01878276773542764
8	55	0.0187804554053575
36	58	0.01877788791630819
54	63	0.01865535922043743
9	15	0.01848825690973338
8	62	0.018424496356295172
37	51	0.01841851235065345
29	65	0.01839453609218178
16	18	0.018361169261432997
18	58	0.018104684517923686
53	58	0.018059152899746245
26	66	0.01788046133873572
17	57	0.017792390608124597
45	49	0.017768523257368496
16	28	0.01774889202940705
27	54	0.017720165448551928
9	48	0.017631822184521195
42	64	0.017556217863986645
31	38	0.017350036201216723
32	58	0.017343761010458925
10	21	0.01734041724652796
24	66	0.01731281590185585
50	57	0.017269936161514232
2	55	0.017157361351350542
21	52	0.017143868893998937
38	45	0.017107223722670928
31	49	0.017013441533978324
21	31	0.017005661850220344
8	18	0.016947914411734044
28	61	0.016811374179889593
34	62	0.01678092444891477
47	66	0.016771538464665114
6	21	0.016728381179653584
13	26	0.016693382986937177
24	45	0.01663576176597631
44	50	0.016634022155876727
27	48	0.0166226434627324
4	56	0.016563636228499684
15	24	0.016461424333244046
15	61	0.01645094356039417
6	13	0.016333316223995642
51	68	0.016328722705332255
31	65	0.016291143837832645
17	54	0.016190858562008803
45	47	0.01610906908451487
2	47	0.015997168937592787
22	26	0.01583626749522299
5	64	0.015799732757882545
29	56	0.015771614420188707
29	57	0.01576282028751491
38	60	0.015723765280738072
15	46	0.015612926701661645
4	48	0.015580188823803909
34	38	0.01547982507775919
5	60	0.015439778784404529
21	51	0.015435164267905865
3	59	0.015425078536074749
5	40	0.01535903413024478
16	58	0.015300259804276017
17	31	0.015165814238047692
9	66	0.015156732379283722
15	59	0.015052493554707058
21	34	0.01497853307800373
54	61	0.014974147625900824
31	66	0.014949498551069529
5	19	0.014851348427290578
31	46	0.014843362949719774
31	54	0.014818541146068676
11	53	0.014666913027711503
17	27	0.014546734805296835
37	47	0.01450573283593376
15	29	0.01449881601343056
6	27	0.01438639589080748
14	26	0.014371286890313806
12	41	0.014354139707423885
6	16	0.01433607244763302
32	65	0.014310559144343593
32	39	0.014280852026120838
29	55	0.01427031709677612
2	32	0.01424814769545546
4	31	0.014211654682467934
8	51	0.014202301932212558
32	68	0.014153587735196926
5	14	0.014152142886792562
3	5	0.013771647994059222
17	46	0.01372481982138879
38	59	0.013696587947863409
20	34	0.013619422089379052
31	48	0.013482614624594769
14	42	0.013441436983080535
6	22	0.013392477659286084
12	66	0.013343886398783089
7	32	0.013340168559521803
4	9	0.013266182476986632
13	68	0.013262590445493438
52	58	0.013223763711757541
5	6	0.013170116002754917
25	68	0.013144765576597717
42	50	0.013144152851128299
1	11	0.013086740381754947
2	63	0.01304456489083805
24	63	0.01303351596475466
5	55	0.013028988113828632
11	32	0.013024791434650407
54	69	0.01300682342050985
20	53	0.012966891154359894
24	28	0.012921259384279515
4	5	0.012915987091548481
21	53	0.012874907002401403
43	56	0.012864401675265813
26	65	0.012788666824839978
41	59	0.012645035624692658
15	31	0.012632198761975522
23	55	0.012439285425388635
27	49	0.0123845863383224
26	52	0.012382347507757241
13	67	0.012277597824959796
8	16	0.012176978374094372
26	36	0.01216458500771303
12	43	0.012125358118698804
63	67	0.012065000889291744
26	53	0.011953170164747062
24	65	0.01189213448913673
2	66	0.01183402573254605
37	38	0.011777097775807821
61	64	0.011714791453298956
36	63	0.011673614864309373
16	34	0.011612433938689437
22	23	0.011586911255011795
13	49	0.011462165845097239
54	62	0.011405157149642409
13	53	0.011354618534318572
3	40	0.011055286413994808
47	68	0.010961149904064604
22	41	0.010874621463620893
20	68	0.010856159012798239
52	61	0.010782344933714494
14	51	0.010739064066849213
51	55	0.010730126817797003
11	50	0.010686788131205271
5	45	0.01049075941126415
35	37	0.010480511760388611
17	68	0.010410142724037452
6	65	0.010293180227313459
21	32	0.010271715400027637
43	61	0.010176566167636514
27	59	0.01014325755236739
65	68	0.010132375320871134
9	55	0.010089337388287267
11	42	0.010072816437806664
39	67	0.010071118788814615
32	51	0.010007601479554873
51	56	0.009975427831768968
17	42	0.009941005426929356
16	51	0.009799973265534112
48	54	0.009760735097263773
37	63	0.009742297241802478
45	60	0.00973580684985309
37	58	0.009697066240694774
7	25	0.009676155508601486
37	49	0.00966521055599373
53	65	0.009525782956853135
57	69	0.00937976306186128
8	52	0.00936642557927958
3	31	0.00931357445971176
31	62	0.00930204887187025
27	28	0.009289875149281146
19	37	0.009261806286041785
15	58	0.009224476150116345
11	66	0.009099891889600198
29	34	0.009047770009661837
52	64	0.009034002349556536
2	58	0.009033058902058189
3	15	0.009020464773937448
20	66	0.00898842511957837
26	27	0.008950322848856329
14	27	0.008942833540449113
31	37	0.008761107136188717
7	40	0.008760139516669346
55	57	0.008752771356648703
3	25	0.008731670496420485
44	65	0.008596531068750524
18	47	0.008591283701626429
28	45	0.008562049893807544
49	64	0.008552913803977324
15	51	0.008487675669143047
2	50	0.008452727905368829
13	64	0.008421341797813509
7	34	0.008327338234898451
8	26	0.008303174405646097
17	48	0.008292112277201114
45	48	0.008287480162174565
27	55	0.008285900999565998
45	51	0.008232491378987405
26	42	0.008074444050094276
37	66	0.008052307606956022
29	66	0.007970264246363545
55	64	0.007964315065708494
8	31	0.00795624572840703
32	47	0.007852786966514314
21	64	0.007732881785621537
49	66	0.007434787464134507
22	27	0.007411420639803434
24	53	0.007276331428530625
15	48	0.00725211559812583
5	13	0.007232703679527219
20	48	0.007193910690929617
34	48	0.007059415480886677
8	65	0.007049948318894772
2	67	0.007009469080169695
14	67	0.0070051933657324095
10	55	0.0069758015030612075
41	65	0.006957590830000027
11	43	0.006899454084492024
9	34	0.006742942713732936
22	50	0.006673763066501082
48	64	0.006624310456117388
48	66	0.0065768702276406965
13	54	0.006476896051826719
52	63	0.006436757579751318
13	24	0.006340095012122626
10	19	0.006250972753141432
52	57	0.0062322077739561665
11	39	0.0061747180649151245
22	46	0.006119327680444653
16	64	0.00610669858951135
7	24	0.006098101075620588
47	65	0.006060839286051056
15	52	0.0059994125966899015
7	55	0.0059154792381700405
16	49	0.005896020388041379
53	54	0.005864704927029563
22	57	0.005811605328997993
14	17	0.005802776853267078
18	33	0.005683520981757034
22	61	0.005549590395388382
38	56	0.005423460183162754
18	53	0.005312079046005225
54	68	0.005307504364689519
24	30	0.00526398755108487
45	59	0.005254548699367534
17	65	0.0050408375508028125
34	50	0.004989878355494026
18	55	0.00495556326263541
8	40	0.004953885777967321
7	17	0.004873049236089
48	58	0.00483692260538543
26	63	0.004615893275999039
15	53	0.004532888437755067
21	57	0.0045138340789150355
54	60	0.00434762644175149
34	52	0.0042403275917097805
26	34	0.004233010586745745
27	39	0.004028663107963681
22	47	0.003881417745035587
28	55	0.003877528201130409
4	47	0.0037419247959850077
58	65	0.0037376916041800823
18	32	0.0036879373815097982
53	67	0.003599255269705226
48	65	0.003537943972618085
20	33	0.003480758225847369
14	19	0.003477914622121714
29	67	0.0034386801219040697
45	66	0.003385278383079837
18	57	0.0033555554378092434
5	38	0.0032766465658594646
2	51	0.0032689143541498322
11	67	0.003194111278956191
20	67	0.0030940616581865976
10	60	0.003090243948652538
13	18	0.0030879816882704025
18	19	0.0030818871876001075
62	65	0.002990778819103146
24	56	0.0029609091082157812
8	21	0.002916546406661391
5	7	0.002913661565827952
5	34	0.002909357274533231
44	69	0.002848958010633479
15	55	0.0028441861289372206
57	59	0.0026447263817481748
5	58	0.002637777896654425
2	14	0.0026330309449995037
22	37	0.0026325685046895697
60	66	0.0025612190553233605
5	12	0.0025340884698178967
4	33	0.002533162680556672
7	44	0.0024204348146479315
24	37	0.0024192855401758973
26	41	0.0023784632131462757
43	48	0.002356008236849866
6	12	0.002341441314778425
22	49	0.0023035569962570057
20	46	0.0022983030495541956
42	60	0.0022581619265191477
23	44	0.002255009973379851
14	57	0.002215647398569276
16	65	0.002193720536167787
22	44	0.002187579350981128
17	56	0.002178420336261866
14	55	0.002136299195184155
9	49	0.002112362324194761
45	65	0.002073681099748148
30	60	0.0020583913221408068
20	57	0.0019858335159499974
39	47	0.0019524354323019466
61	63	0.0019379293481483484
32	64	0.001871495660369371
1	54	0.001788182819411288
44	68	0.0017724012999893457
28	63	0.0017076476233786608
47	67	0.0016475883543156655
11	51	0.0015878412297656297
37	56	0.0015374345709340265
26	54	0.0015354267238815167
35	65	0.0015202634209126598
39	50	0.0015020068253197016
13	15	0.0014363841416472622
9	27	0.0013913741293811732
12	38	0.0013547850265321904
3	10	0.0012962236473062216
29	61	0.0012802248526295745
9	31	0.0012619982631347226
30	69	0.0011740158933639666
22	48	0.001075236717450967
37	55	0.0010272351899041632
4	68	0.000986190252973529
6	57	0.000984221495725579
44	67	0.000981516574876884
9	45	0.0009227876394223844
21	50	0.0008810598574869322
46	50	0.0008313877006007608
46	58	0.0007795714840177492
44	56	0.0007511647832470492
45	58	0.0006990677418386437
35	43	0.0006174669229651597
39	42	0.0005874475421823178
48	61	0.000587385640073379
4	58	0.0005778184534854236
31	57	0.0005714415299059583
52	65	0.0005706393342367888
38	64	0.0005600249639813315
21	66	0.0005495109593485759
39	52	0.0005218223617867168
7	51	0.0005171908628915367
10	48	0.0004317048141143087
17	67	0.00036642117055774026
6	11	0.0003509635379091436
2	39	0.0002605864413949832
18	27	0.00019606097510005416
30	49	0.0001843519046636488
24	55	0.00018414031699676148
19	46	6.245996136966525e-6
11	12	-3.080267802318959e-5
57	65	-8.060814902938196e-5
48	68	-0.00010926819215106853
51	63	-0.0003166085386505646
11	30	-0.000321041004113648
19	20	-0.0004549167293113332
44	66	-0.0004867108493800121
47	56	-0.0004894795886963843
20	58	-0.0005226762528490192
60	62	-0.0005572963755399452
29	36	-0.0005879890503659724
7	30	-0.0006018671434096512
1	33	-0.0006131851069544336
24	48	-0.0006698632911429359
37	67	-0.000685346419199151
58	66	-0.000772899106109004
8	14	-0.000817654762771014
13	31	-0.0008212122362913354
3	32	-0.0008837865009141133
30	36	-0.000925177300003327
18	34	-0.0009262792004474107
26	28	-0.0009633671239279162
13	20	-0.0009797656788630427
9	67	-0.0010241275454425658
31	50	-0.0010308344750892817
6	50	-0.0011486506501281468
1	58	-0.0011708148420329634
29	62	-0.0012113412487538833
39	51	-0.0012204662627772755
27	46	-0.0012968602279960217
18	21	-0.0013003409915008368
59	60	-0.0014398711396844954
41	50	-0.0014785152638305266
29	47	-0.001737606523727453
14	20	-0.0017787971862840424
11	56	-0.0018968445830443714
34	45	-0.00191234019668296
15	17	-0.0019227526769692305
6	64	-0.00212970030434273
15	21	-0.002227447652681791
32	57	-0.0022377390790474516
16	27	-0.0023056095453292125
39	54	-0.0024357428866350617
11	26	-0.002535738717534708
29	48	-0.0025766838796591474
22	67	-0.0025950274451942423
13	48	-0.0026024724998362503
17	44	-0.00264747537775617
30	50	-0.0028010055262109035
10	24	-0.0028239718579435857
8	15	-0.0028781196882353144
21	65	-0.0029447789358428844
2	62	-0.00295176806541253
16	67	-0.002980131317230128
7	46	-0.002994209821684024
8	68	-0.0030086060494229905
22	36	-0.003047379838514025
4	53	-0.003094033024304499
26	64	-0.003122225695737113
17	22	-0.0032299098942922266
33	50	-0.0033695508412075192
28	51	-0.0033920370729967897
29	68	-0.00342787042049042
10	25	-0.003445218041775777
14	35	-0.0034801058878736746
48	53	-0.0034931929428736463
3	46	-0.0035068025735226216
5	57	-0.003507956430292336
47	59	-0.003516094843912465
34	51	-0.003648870412788441
13	37	-0.0036518345080912007
8	20	-0.0036671473205462934
6	68	-0.0038007126648251233
46	66	-0.003815024030630332
12	39	-0.003825079698654976
2	40	-0.0038499198078068286
9	32	-0.0038569145932095816
31	52	-0.00389256774314789
4	27	-0.003958666295174773
20	22	-0.003970433765984549
35	69	-0.004011707230735823
24	34	-0.004060752902724174
20	65	-0.00414970392138253
36	67	-0.00421681787886552
46	68	-0.0042173702049275175
30	51	-0.004311556563168839
1	53	-0.004338203802021046
29	54	-0.004498080994124354
1	3	-0.004555970602413445
18	50	-0.004579165332389001
15	25	-0.0046119823652929215
26	61	-0.004644652798747373
32	53	-0.004717233219502737
28	44	-0.004853733219907952
9	30	-0.005176778687621175
43	53	-0.005268065387863424
19	50	-0.005343794813272934
1	52	-0.005408294161895255
17	66	-0.005483143500544241
17	62	-0.005518576781730844
27	58	-0.005630809998995012
11	20	-0.005703129858043665
6	9	-0.005841806560997476
13	44	-0.00585107910283017
24	36	-0.005888041170388242
8	46	-0.005905939306310171
22	53	-0.005911562639001333
31	39	-0.005922493210431312
3	62	-0.005956434497984386
39	57	-0.006039538551828233
37	44	-0.006079275969368525
45	46	-0.006089703534644386
19	24	-0.0061168195513224555
17	24	-0.006135484587643569
9	61	-0.006209271337954458
32	55	-0.006211944979810757
15	49	-0.006243331968865007
26	50	-0.006263243860419154
10	22	-0.006363199104999329
4	28	-0.006417377600027696
16	45	-0.006427952191487396
9	29	-0.006459346497701579
7	52	-0.006464659053099231
50	68	-0.006520044532368818
2	25	-0.006527168942046052
63	69	-0.0065487144648729845
2	21	-0.0065766488805197865
22	24	-0.006715222776558116
5	69	-0.006719906830271211
7	23	-0.006754652569279096
30	47	-0.006768553341189365
21	42	-0.00677534016526396
50	58	-0.006821317429136886
4	14	-0.0069882712348938725
3	27	-0.007001436148670548
24	68	-0.00700717332028028
34	49	-0.0071241240555723895
59	64	-0.007136696825107369
56	61	-0.007138274502997977
38	65	-0.007208644376323348
12	48	-0.007240075079045782
11	62	-0.007259799174833714
16	31	-0.007320071427322605
35	44	-0.00735498154412223
14	58	-0.007377101781652906
61	67	-0.007400006736092701
9	39	-0.007404189827583285
20	63	-0.007479945719664038
42	46	-0.00749192918523317
36	56	-0.007510555591082796
65	69	-0.0076293297556747075
26	38	-0.007644235325523885
2	65	-0.0076543880273994835
21	38	-0.0076628113254259
18	23	-0.007675661452319682
17	69	-0.0077012221617405174
3	53	-0.00771610576618964
35	66	-0.007751995202482376
14	45	-0.007788061973730054
55	65	-0.00787257566937255
45	54	-0.00797621110380381
9	57	-0.008046565550824059
51	67	-0.008149787808949926
50	65	-0.008169244417118582
14	28	-0.008229624501605748
36	57	-0.008294039998345881
15	34	-0.00835099136188705
35	47	-0.008370738771748099
12	17	-0.008398976814206122
5	31	-0.008407456831515281
7	15	-0.008422143096621204
24	52	-0.008438580046011446
8	47	-0.00845522528482412
12	33	-0.00849939749980086
52	62	-0.008506944819887508
40	46	-0.008525065664779563
11	61	-0.008556409907939766
67	68	-0.008625329282438754
18	63	-0.008776760190615296
9	17	-0.008794802236863242
12	64	-0.008813910198169544
13	58	-0.008882807635174073
15	62	-0.008903812552727652
38	57	-0.009018267447683914
27	68	-0.009040428217182428
1	65	-0.009042212475921796
1	59	-0.009045999782082675
8	27	-0.009065593604228817
43	57	-0.009096424448811619
25	35	-0.00910566931891671
1	27	-0.009121908539219847
38	48	-0.009168424506187767
8	50	-0.00921358050603116
47	50	-0.009233201032361471
32	36	-0.009250433918923495
39	68	-0.009271669815090339
16	36	-0.009277064031986193
1	39	-0.009424685253651477
32	49	-0.009486885412357537
28	64	-0.009532562441891657
36	59	-0.009574103464549122
47	54	-0.009611825553636877
20	30	-0.009621361310509835
9	22	-0.009741952585200886
25	45	-0.009752911641753792
15	60	-0.009757644145690081
34	47	-0.009867950266612635
14	68	-0.009970859548491973
29	59	-0.010021462855015928
12	31	-0.01004504049722954
42	68	-0.010063798138264496
49	51	-0.010090933883009856
14	48	-0.010098897809584229
18	44	-0.01011457819799566
29	69	-0.010128374344113233
30	39	-0.010139538096463951
9	10	-0.010157520219612581
47	52	-0.01026338072099875
3	50	-0.010368330440429369
14	61	-0.01042643009939992
12	57	-0.010458603973151431
59	66	-0.010465494930900432
26	58	-0.010474936151086967
27	53	-0.010476234241296067
59	68	-0.010486878368499958
14	49	-0.010521226992644295
8	57	-0.010565482240282198
10	52	-0.010567536626589158
7	39	-0.010673266116588753
37	65	-0.010784658321850937
6	59	-0.010811349757354177
16	66	-0.010815189518918356
20	55	-0.010819358418915181
6	39	-0.010819803989564836
3	33	-0.01082696522882759
37	43	-0.01096724633019619
22	66	-0.010985607050356061
22	45	-0.011061368515313641
38	66	-0.011169925799472263
46	48	-0.011182086072997477
27	37	-0.011323882126945461
21	56	-0.01141416622714092
13	22	-0.011446793911294995
16	48	-0.0114710005899048
1	36	-0.01147574395815823
45	62	-0.01150211890062891
30	64	-0.011504430287044703
25	64	-0.011534662295888926
7	66	-0.011549182836514515
11	40	-0.011580232447387984
21	69	-0.011617126463709881
10	53	-0.011650479323939145
44	51	-0.011663716593292295
32	48	-0.011704893203430988
5	25	-0.011732040710182745
12	13	-0.011810285076341132
27	32	-0.011820427047284587
18	61	-0.011870468313325222
14	31	-0.011889164903095162
15	50	-0.011890135459679818
32	41	-0.011965207363991925
20	38	-0.012110816786899098
7	36	-0.012132980963921042
47	61	-0.012165564506448012
3	39	-0.012169694436608786
2	35	-0.0121718723579477
57	64	-0.012172845714465252
9	24	-0.012193402497482186
2	59	-0.012214448134520967
28	54	-0.012218254714037424
30	32	-0.012223707883419754
21	48	-0.012241536670026198
18	54	-0.012258538955425002
33	46	-0.01227859050477087
13	62	-0.012294324692828595
10	33	-0.012319367022046862
25	39	-0.0124093391771056
35	51	-0.01242336328948207
14	29	-0.012441753437416325
16	35	-0.012452712335826621
24	29	-0.012483869767654587
18	68	-0.012501552101801872
3	13	-0.012511784098369533
5	22	-0.012683612379876641
27	63	-0.012691673301516826
5	63	-0.012699399844166404
12	58	-0.01271490587196708
30	54	-0.012790636863705351
8	28	-0.012799978642760834
23	24	-0.012844159366995178
8	24	-0.012868210788522905
38	49	-0.012881156192679266
4	59	-0.01291164276561163
10	12	-0.012916246333039172
14	30	-0.012962354843633339
21	29	-0.013088045027572992
58	61	-0.0131112390729346
16	29	-0.013122393068416893
24	61	-0.013199459719090423
7	43	-0.013228025985358133
10	34	-0.013241828074056217
1	63	-0.013283069816690585
50	61	-0.013334894730733182
18	65	-0.01338614877722294
27	60	-0.013425084307144564
6	42	-0.01345148550948963
62	67	-0.013585758209449295
15	57	-0.013595004103973463
12	34	-0.013663426311100957
4	11	-0.013683511539107907
4	20	-0.013704690378362083
23	28	-0.013720641319761195
60	65	-0.013757795681820423
27	61	-0.013842244791808012
37	68	-0.013882668255485564
50	55	-0.013897409140153777
44	60	-0.013924967906420394
22	65	-0.014039948283693149
45	55	-0.014143625735804521
25	47	-0.0141931995669774
22	31	-0.01420403535228898
60	67	-0.014206825692921615
16	68	-0.014280927747751304
51	59	-0.01429094004636089
10	16	-0.014394486386638705
3	69	-0.014503532868877511
4	50	-0.014503653406134354
28	65	-0.014508114295368024
11	21	-0.01451930596512424
20	23	-0.014536127396418741
6	41	-0.01454456959355696
2	18	-0.014550085548827696
27	47	-0.014552037689329
7	27	-0.01458818948576418
27	43	-0.014588749008306784
35	52	-0.014589879933150751
35	58	-0.014702062013608075
33	34	-0.014796961919055746
41	44	-0.014833139148703406
24	62	-0.014937495498347775
34	36	-0.0150088868741583
4	36	-0.015030260609252305
33	66	-0.015167424269091567
2	54	-0.015187099301026297
49	68	-0.015232152452226089
13	33	-0.01525533143068239
10	68	-0.01528600752060949
53	69	-0.015334866026424115
10	36	-0.015370024252163716
12	51	-0.015461923846527392
33	51	-0.015592059730044933
25	38	-0.015699465869890517
1	35	-0.01579757621520786
2	68	-0.015880659185046442
7	16	-0.01588897369126946
1	21	-0.01595901866143684
9	53	-0.0160251847359012
32	45	-0.01605005595089809
32	69	-0.016183653406043746
64	67	-0.016196216011523545
55	58	-0.016273923457798767
20	36	-0.016295994647204437
12	24	-0.01630309808214478
40	64	-0.016352109868974646
19	59	-0.016388465572281574
32	67	-0.016429749946402394
54	65	-0.016451879255858393
23	61	-0.016478684127910342
5	39	-0.01657637695908437
36	60	-0.01659763411460491
22	34	-0.016612496827826118
18	25	-0.016672684046097702
20	37	-0.01671314391747547
51	61	-0.016782827746518958
17	37	-0.016876044966620818
11	24	-0.01704217385089113
18	48	-0.01705127763469927
18	45	-0.01705229295016497
21	46	-0.01711323256567593
47	64	-0.01711338195922868
7	37	-0.01713197286658097
20	47	-0.017143438890574014
17	25	-0.01715421967736283
28	36	-0.017258282146566134
28	33	-0.017293353770008457
14	54	-0.01735345536871491
1	60	-0.0174209035705285
59	63	-0.01742426890651999
53	61	-0.017586351944162137
2	49	-0.017594996308967437
6	8	-0.01762286550238429
10	43	-0.017623899494012024
33	69	-0.01763280817974841
8	56	-0.017816085936068204
5	50	-0.017921750668560665
10	18	-0.018008856357975944
28	62	-0.018013618860911906
6	52	-0.018017161801310688
18	49	-0.01806020916427281
20	69	-0.01812203155736919
58	64	-0.018156528346882472
7	63	-0.018184604025504203
39	65	-0.018238201171186075
24	35	-0.01841668177235578
15	30	-0.018427358096762214
36	50	-0.01849154337647735
1	34	-0.018504879707514355
18	26	-0.018520198988603576
20	27	-0.01854599566720644
3	57	-0.018569822962259674
31	32	-0.01859328135022975
17	55	-0.018654449473186285
7	54	-0.018735688878457946
1	42	-0.018780328430887894
21	59	-0.018790471479986692
12	54	-0.018824273398134805
26	68	-0.018852512408570554
25	66	-0.018876483663138377
24	32	-0.018888391093263734
57	61	-0.018925796644724935
17	50	-0.018941998949412953
53	66	-0.01898884119943306
31	51	-0.019054914160027137
20	31	-0.019230775829585434
34	64	-0.019275561409791198
14	43	-0.01930341521888615
36	47	-0.019308183009213498
20	54	-0.019310067072228654
6	63	-0.019323582388823257
3	35	-0.019339260425203564
17	49	-0.0193476248572782
29	50	-0.019439768681639935
40	61	-0.019441175618108902
18	52	-0.01954119805015947
3	17	-0.01956829559279971
29	37	-0.019667699188675725
18	30	-0.01967477471406337
10	63	-0.019679830495544948
29	30	-0.019717371130913486
28	50	-0.019717998969344896
48	69	-0.019775108822971982
14	22	-0.019815024348869725
7	13	-0.019819569168137652
50	56	-0.019902001054708324
20	61	-0.01990712819239948
14	66	-0.019930688564070598
10	58	-0.019936832569495966
34	44	-0.020059332455532708
8	54	-0.02007903389695659
7	29	-0.02010472864038576
25	26	-0.020120587546287982
28	52	-0.02016221004259655
36	54	-0.020285753379075816
2	8	-0.02033626836580782
24	25	-0.02037667229625159
45	63	-0.020405788148802784
28	57	-0.020437180142886813
5	23	-0.020456171274770812
2	38	-0.020465504549948388
36	66	-0.020590866247209072
9	51	-0.020591254110821133
17	63	-0.02066204296465579
35	41	-0.02068161873009558
52	56	-0.02068748145274818
51	58	-0.02070127188277643
60	63	-0.02074295727877254
26	69	-0.02081706687844087
28	40	-0.020927452154652637
20	62	-0.02100221935119434
21	30	-0.02101117175028888
3	54	-0.021014125931484967
9	52	-0.021031528283227463
24	27	-0.02104047645287921
4	49	-0.021058940951722144
1	41	-0.021096403393532553
51	65	-0.021098796168650513
23	45	-0.021363240886808882
37	61	-0.021443683700202498
24	33	-0.02150549400940646
9	62	-0.021614137576017434
15	37	-0.021665031875100882
6	55	-0.021712731833844257
5	17	-0.021752721043516943
34	66	-0.021753126164924808
10	37	-0.021764425455784164
31	55	-0.02203653485793544
6	25	-0.02203737785843024
29	60	-0.022089882024471957
5	42	-0.022094797925738707
3	38	-0.022103693923882617
1	9	-0.02214025291037286
8	39	-0.022297746565229093
51	62	-0.022310513965959566
6	18	-0.022339109659847478
11	22	-0.02235278061330287
55	60	-0.022426501950574246
38	58	-0.022466938174647955
37	40	-0.02253108355846206
8	36	-0.022533066090664966
1	49	-0.022542376913008255
32	40	-0.022575482565469374
22	60	-0.02262958375162158
25	57	-0.02275480752595127
10	20	-0.022872105974620638
2	5	-0.022879560798424903
41	62	-0.022931939735444884
63	64	-0.023016918708050338
30	31	-0.023033612181237062
2	56	-0.02303413483952277
3	8	-0.023087181732398293
11	54	-0.023109696037533045
6	23	-0.023145314477641066
41	53	-0.023178420159962687
64	68	-0.023182745591383058
52	67	-0.02324560927773217
39	48	-0.023283546658616122
50	62	-0.023301377030914117
1	55	-0.023304383356720082
26	37	-0.023376256222068237
5	54	-0.023380089306435037
10	29	-0.02346676079662624
44	55	-0.023467230049477372
46	69	-0.023478853686264817
1	32	-0.02350848268615191
28	49	-0.02351109839381138
21	45	-0.023543812849283585
2	3	-0.023572896472365462
9	33	-0.023576772040823035
14	24	-0.023680211501998616
1	66	-0.023684630420638952
30	37	-0.023737421978249795
28	34	-0.023817840671920665
12	49	-0.023932199976469087
2	48	-0.02394590629122567
10	41	-0.023980495430390603
22	28	-0.024290837250425967
20	64	-0.02430090645081978
20	28	-0.024311212061577714
35	64	-0.024478691668579522
6	32	-0.024611665643010205
10	66	-0.024669379598592833
56	64	-0.024704768611200578
12	37	-0.024845279785944446
23	66	-0.02489376780129532
66	69	-0.024902032032231708
17	51	-0.025018815337096545
61	66	-0.025096542125284726
15	32	-0.02521701564017842
51	69	-0.02524329669148484
35	60	-0.025249767387910266
8	17	-0.02525478198489095
38	69	-0.025465993757779554
12	29	-0.02546718777457818
50	66	-0.025537877457155633
15	41	-0.025604237157951626
18	20	-0.025652943369270098
55	69	-0.025672893797904967
19	38	-0.025674988992645448
9	43	-0.02569237951065892
35	57	-0.025700285212380075
33	37	-0.025736350197413327
46	64	-0.025771465091677992
12	60	-0.025873602733127637
23	67	-0.02595169163572511
33	64	-0.02601891693540781
27	30	-0.026028417068808707
30	34	-0.026030760630216365
12	69	-0.026058434492459426
21	28	-0.026089479225153367
2	37	-0.026094308646415543
28	53	-0.02613133330312567
10	57	-0.026233166193731283
9	56	-0.026275008164695773
44	49	-0.026299404828985462
24	50	-0.026317611873647756
18	42	-0.026430346883225708
9	19	-0.026466665575014342
14	69	-0.02663826292853891
1	17	-0.026656631240451145
36	41	-0.026668706164286765
35	63	-0.0266699550133426
28	48	-0.02670397413416914
3	16	-0.02675222681916445
1	16	-0.0267557160348742
28	60	-0.026914839759805825
15	69	-0.026938011149910124
42	51	-0.026960367024053494
26	39	-0.026979743596663497
10	62	-0.026981652872971718
7	21	-0.026985643318113595
3	56	-0.026985686785596347
5	53	-0.027012581842134287
13	42	-0.027051164801307453
5	66	-0.027072842986028745
3	66	-0.027090002653533313
8	11	-0.027116179345177904
42	53	-0.02714019715004881
15	19	-0.027166426652713932
40	52	-0.027233111287316425
3	48	-0.02732160168952441
43	49	-0.02732334747900464
23	52	-0.027342389371293935
13	51	-0.027389539214997705
36	49	-0.027528056951526714
27	69	-0.02764765684888207
24	31	-0.02766117048875788
17	45	-0.027663917035666175
9	35	-0.027722292602276488
26	30	-0.027729887933263864
6	54	-0.027849493384149715
44	54	-0.027915091350657006
6	14	-0.02810252376298078
4	34	-0.028121081087828098
32	56	-0.028131998919507156
37	54	-0.02822819267522808
35	61	-0.028238269185190734
3	64	-0.028372616631061692
9	42	-0.02841039831698039
35	55	-0.028429403357176558
47	58	-0.02851507908690204
8	22	-0.028806132365076675
26	60	-0.028820404842104325
5	35	-0.02885891171788621
3	49	-0.02894708121793252
48	52	-0.02895895762787043
50	52	-0.028960929903503074
22	56	-0.029024074858721494
27	51	-0.029039903584948346
22	30	-0.029251651334525397
16	32	-0.029269247515516295
32	33	-0.02926935541950071
7	57	-0.029379840138526403
13	28	-0.02938436476029871
34	54	-0.029386229756451665
6	47	-0.029414059617029698
6	35	-0.029443257302358222
19	53	-0.029447929566134234
11	52	-0.029504650113893083
11	37	-0.029545207646727856
31	53	-0.02960882946914417
10	42	-0.029626822113608092
11	23	-0.029642904070813325
38	62	-0.029675615939264155
61	69	-0.029707842466634243
30	63	-0.029709991226683247
20	44	-0.02982351530791766
18	24	-0.029830697995456845
9	59	-0.029862579408663714
11	28	-0.02993760878201679
49	61	-0.02999793455934152
49	69	-0.030000471030409148
7	33	-0.030047351909580244
22	38	-0.030175319837081827
28	69	-0.030219228336194004
14	50	-0.03022009009139104
17	28	-0.030240540273417604
28	58	-0.030241682655756164
4	46	-0.030254083146841942
20	42	-0.030297248395524584
27	56	-0.030327219041005715
9	60	-0.030339577439176924
24	64	-0.0303811850141375
4	10	-0.03053810999315576
12	63	-0.03056044131896865
39	62	-0.03056895037325394
41	63	-0.030570521345878843
54	64	-0.03061693924171366
50	64	-0.03061749133855593
56	57	-0.030620024601184348
42	52	-0.030634550779626374
30	53	-0.030656079646514844
3	63	-0.0306664386951018
52	69	-0.030667622609215295
48	60	-0.03078358870799
24	60	-0.03078934787462259
30	58	-0.030849241818835305
14	47	-0.03094847763085329
10	31	-0.03096771380675256
37	69	-0.030984241588341038
8	12	-0.03114633855098589
3	36	-0.031148075981860923
53	56	-0.031177631441503373
12	67	-0.03118628217109401
8	33	-0.03131175791302482
5	11	-0.031357595225009194
12	62	-0.03139600751109167
2	10	-0.03150029660759296
16	39	-0.03164332283365723
38	54	-0.03166533917150585
15	35	-0.03171898603645473
38	53	-0.031772584631508144
41	46	-0.031780192125677564
17	18	-0.03185443615080952
35	48	-0.031930805369319165
24	69	-0.03198645749998852
30	68	-0.03199427041052974
53	59	-0.032031059722980704
4	63	-0.03227770796064447
20	41	-0.03229032842449417
10	30	-0.03249027310197794
20	40	-0.032600782325953426
3	29	-0.03264484113182636
46	55	-0.03266539821142311
5	43	-0.032781951722156394
6	49	-0.03295106645421675
11	36	-0.03297097368371771
1	44	-0.032989465752230995
7	11	-0.032998502214733966
21	39	-0.03300729710742453
4	32	-0.03307447758046966
5	29	-0.03315732880942168
3	9	-0.033188423265390066
30	44	-0.03328769674105023
15	64	-0.033330757237911623
10	40	-0.03336922774556564
19	66	-0.03340712424984099
17	61	-0.033410578395649815
45	61	-0.033579529185927326
36	55	-0.03359797010340823
12	15	-0.033662954329475914
45	64	-0.03368184736868485
7	47	-0.03374488513148888
4	65	-0.03376173750745143
58	69	-0.03383749364440658
12	55	-0.03387157151061376
8	35	-0.03388231902435018
18	31	-0.03391131212236448
19	48	-0.03399819588112091
37	60	-0.03414194607680485
39	49	-0.03417242069728449
10	49	-0.034204008659366736
14	56	-0.03423953894609147
29	44	-0.03425487478596351
18	51	-0.03431059283067994
18	37	-0.03433712640374914
11	47	-0.03445493366564492
34	56	-0.034520060735111546
45	50	-0.034645305164703655
6	58	-0.03468475500814866
37	50	-0.034786105864594435
29	42	-0.034789108899454746
56	63	-0.03480934626994486
48	67	-0.034831089629283496
5	65	-0.03483655764324667
43	55	-0.034837800191832885
43	47	-0.03491719094500012
56	68	-0.03494541609447868
1	69	-0.034974130617214494
66	67	-0.03500096736756392
21	36	-0.03508354615560874
9	12	-0.03509635850027351
25	61	-0.03521834659291506
36	68	-0.03522839107251077
12	50	-0.0354015509042811
25	67	-0.03542203636424754
56	69	-0.03548895590351009
7	53	-0.03564291187757479
11	18	-0.03577956347583261
21	33	-0.035797965720950675
3	34	-0.03581657380995254
4	55	-0.035948661605213955
3	68	-0.035950037866863294
11	55	-0.035996357951343066
7	31	-0.036068385104147116
16	60	-0.03616462292931499
35	49	-0.036284801996984445
9	46	-0.03636057021694
11	64	-0.036372207864954625
18	66	-0.03637604158466623
39	44	-0.0364437391067825
23	32	-0.03645246363486415
49	60	-0.03652463038370676
11	69	-0.03655492969146512
33	68	-0.03665755860879516
20	35	-0.03667833099116563
27	38	-0.03671054246857283
3	12	-0.036729325899543946
31	34	-0.036849335782906
11	65	-0.03688343179614956
17	19	-0.03690037562549173
15	16	-0.0369785472077398
35	62	-0.036987551655914136
13	39	-0.036997653457955776
29	64	-0.03704766035751439
2	36	-0.03709258296462431
39	45	-0.03719839644644163
6	53	-0.0372007995656336
3	26	-0.03727506461193192
29	41	-0.03734375416383401
8	41	-0.037369083279790716
26	32	-0.03739352965562892
13	35	-0.03740272027641023
3	24	-0.03748769785949019
28	39	-0.0374925167185195
4	29	-0.037519149578953304
3	20	-0.037563870153322854
46	63	-0.0376265192184384
29	51	-0.03779184595697799
3	18	-0.03784454964493145
50	59	-0.037880231616726906
5	48	-0.037976842556498414
4	52	-0.03799322449097997
5	9	-0.03802006210528017
11	44	-0.038043997444019345
30	41	-0.03804570461571927
29	43	-0.03806024484679743
15	38	-0.03807437480243395
17	38	-0.0382704323674673
20	39	-0.03834407865166403
46	61	-0.0383730311813521
2	64	-0.03839145047316156
33	49	-0.03843074846344005
10	56	-0.03850569240709728
41	54	-0.03858984288388373
50	51	-0.03875398205521141
20	25	-0.038810404290217315
45	69	-0.03882038006513641
44	53	-0.03888260468893595
21	44	-0.03897702633971922
13	30	-0.03900254180242929
2	11	-0.03900578798177157
19	29	-0.03901413454126276
12	14	-0.039057656023370746
49	59	-0.039118158338818404
23	51	-0.039236252670451305
31	45	-0.03923653329219684
5	28	-0.03926881324023107
25	62	-0.039296741782720024
4	62	-0.03935803409673877
33	52	-0.03944721475896376
6	37	-0.039526860330129254
3	51	-0.03954872849276994
16	42	-0.03954955342091354
5	62	-0.03958383947252664
6	7	-0.039595876201913516
39	63	-0.039662019462563036
41	58	-0.03967674167848678
11	63	-0.039777915226896776
17	59	-0.03980014679422367
19	28	-0.03983532352037858
4	51	-0.039846031655616065
1	37	-0.03985891252940854
35	56	-0.04000888306626468
36	64	-0.04005519098967103
7	20	-0.040061165739618154
26	56	-0.040145298591131556
6	66	-0.04019117019470703
33	44	-0.04031799203692085
11	57	-0.040507536391690385
6	17	-0.04052348916820475
30	57	-0.04052966819100581
40	54	-0.04060588592656428
20	52	-0.040664967613635694
57	60	-0.040761429210605715
5	26	-0.040801136484800826
15	54	-0.04092294737578733
48	62	-0.04096353458540597
7	49	-0.04103727150258929
42	65	-0.041077721067277306
10	28	-0.041133236395971995
33	63	-0.04113701598542441
25	34	-0.04130908574416775
8	60	-0.04134060897559402
34	60	-0.04144324377462391
17	30	-0.04144549677780213
44	58	-0.0416459836009232
59	65	-0.041654955426843554
45	56	-0.041691572040133795
1	15	-0.04170943896201895
51	64	-0.04173509657753616
8	44	-0.04175575469746773
26	35	-0.0418311055682597
13	60	-0.04185366487060199
17	60	-0.041921403564844195
50	69	-0.04193671749465372
44	59	-0.04194042569265627
16	30	-0.04212366193564729
9	38	-0.042167312572229554
7	26	-0.04227959468725312
46	62	-0.04235506722260518
11	60	-0.04239276802740788
19	68	-0.04249382098869295
36	51	-0.04251469198211208
31	60	-0.04257792624595333
6	24	-0.042740913999073316
5	51	-0.042784036229948696
56	66	-0.042823643597612815
24	43	-0.042845669550005044
40	48	-0.04287988184877939
3	67	-0.04289259522055336
10	47	-0.04292887474256185
36	46	-0.04293055315096317
1	50	-0.043008962404657375
5	33	-0.04301014050703214
16	40	-0.04301227120142284
12	52	-0.04305244597139388
35	59	-0.04318257512782295
29	38	-0.043330004526157234
17	36	-0.04335944849293813
6	29	-0.04337180096392251
3	7	-0.04356286063549744
38	63	-0.04356356032397496
11	58	-0.043677101626151654
46	54	-0.04370927602293778
19	58	-0.043732177221117274
4	67	-0.043766185931029794
38	44	-0.04383929919533275
3	37	-0.043891464148418824
50	60	-0.04394627899822659
40	55	-0.04400537801100016
29	35	-0.04400566983501758
23	68	-0.044167528098546405
36	52	-0.044276677220778826
17	43	-0.04431943350462758
9	18	-0.04441134924435003
10	50	-0.04455667489882412
9	41	-0.04456286170135451
43	51	-0.04459604668949854
55	56	-0.04471085562267796
11	41	-0.044730761065265856
10	23	-0.044753030487978795
5	15	-0.044937120522858365
30	67	-0.045035871770121416
19	62	-0.04517380407567728
1	57	-0.04522114558064583
27	33	-0.045227262859195816
16	19	-0.04523020643357256
4	24	-0.04525928966099352
21	23	-0.04536391041385074
39	58	-0.045435450830724367
15	47	-0.045442810890056085
1	61	-0.04546358881328616
32	44	-0.04558987422693944
9	28	-0.04564038908642687
10	26	-0.045749284635210274
48	59	-0.04577415809325541
11	49	-0.04578179480303332
33	65	-0.045870709873502946
12	18	-0.04593382160116141
19	45	-0.04595341227372218
19	27	-0.046097751046134644
2	69	-0.04617563729868149
39	55	-0.04627102614835807
11	68	-0.04634612374531433
19	52	-0.046458036849139295
25	49	-0.04648438055972437
12	47	-0.046583549696105564
26	46	-0.0466442595913959
8	45	-0.04667764622553394
32	59	-0.04668385569876518
7	62	-0.04671060753880385
26	43	-0.046892084087262975
4	17	-0.04697545820196175
28	59	-0.047047666305708974
7	35	-0.04708968493216581
11	31	-0.047121253610830055
15	36	-0.0472457910095003
23	65	-0.047326176619341576
40	45	-0.0475058018619928
10	13	-0.04761843986560821
7	19	-0.04770290522030879
4	22	-0.048090196949637676
7	60	-0.048308715945959785
2	12	-0.048342482941988785
15	40	-0.048361414863877794
3	45	-0.04852635526475854
4	57	-0.04864519459905953
21	35	-0.04872227343675292
53	60	-0.04873935115636316
2	30	-0.04875499422296453
46	47	-0.04878007056557809
20	60	-0.04905999524952476
41	69	-0.04913124406772326
33	55	-0.049274123456481606
19	61	-0.049321246447491585
1	28	-0.04934313582767835
1	7	-0.049368037477582616
19	49	-0.0494242238041846
38	47	-0.049477399870436645
15	39	-0.049567062457119254
14	33	-0.049580582061305806
33	48	-0.04962635094670251
7	22	-0.049899230880905254
15	56	-0.04992920276163354
12	65	-0.0499589287416243
42	62	-0.05004255258329188
10	51	-0.05010259360263103
32	60	-0.05026201801388899
16	59	-0.050330380828620847
23	48	-0.050427651242889476
44	57	-0.05048066115100361
21	43	-0.050538591549427164
22	69	-0.05062596012072232
47	69	-0.05063466108866019
21	25	-0.050732540886271826
2	24	-0.050741944755334834
54	59	-0.05080375274476276
42	67	-0.05091506286757977
14	60	-0.05092371008688826
34	46	-0.05096377663589541
28	68	-0.05118735526094703
27	41	-0.05127601386011346
5	52	-0.0513336069713303
40	53	-0.05138328464135336
36	48	-0.05151218676428068
6	51	-0.05152254205241752
31	43	-0.051524311277428264
40	67	-0.05156329298858886
4	39	-0.05164518604975965
18	39	-0.0517323826576061
30	55	-0.051743536413139196
21	60	-0.05198208234682461
27	35	-0.05199515139244387
40	50	-0.052068345949715544
38	68	-0.052176599779639454
18	40	-0.05222648293908927
10	39	-0.05228819849292268
25	54	-0.0522935585671476
34	39	-0.05232744647179102
34	42	-0.052416222010278596
12	61	-0.05242327520398185
43	62	-0.052654677003105055
14	40	-0.05270565906117683
12	26	-0.05289529421129549
1	20	-0.05293736964979015
20	59	-0.05303534682119582
25	31	-0.053037340648508735
47	60	-0.05310975655047892
2	46	-0.05314293791988661
10	61	-0.053289351272850616
41	55	-0.05334059954065759
7	28	-0.05337058343858314
18	28	-0.05352554965504258
10	32	-0.05363272637931249
6	19	-0.05367752220826419
13	59	-0.05382312798566674
44	64	-0.05383934758177786
25	55	-0.05385251684405987
3	52	-0.05430746108947465
4	54	-0.05440488547271288
29	33	-0.0545952474713432
40	49	-0.054646304390307904
14	39	-0.0546876084855471
16	46	-0.05476535927783949
10	59	-0.05485301415441385
16	25	-0.054910880782135435
53	64	-0.054998131568549546
23	47	-0.055001729345447975
14	36	-0.05501713747574158
37	64	-0.055157670752014415
5	16	-0.05528311907147965
40	66	-0.0553187452103753
21	41	-0.05533715298613906
32	42	-0.05535745594818023
33	67	-0.05555136028064872
6	43	-0.05560616226030038
5	36	-0.05564590962959107
42	47	-0.055696397722318214
4	13	-0.055824455186654465
25	48	-0.05586610516333207
24	41	-0.05588109158185939
12	68	-0.05603737513761503
16	56	-0.05609590744808246
56	65	-0.05619919136849186
19	21	-0.05631281525477655
4	60	-0.05640054977651432
16	41	-0.05645482096936236
17	40	-0.05669639596898848
10	35	-0.05677779384042783
2	23	-0.05682308703834013
18	38	-0.05686277804438397
41	68	-0.057045087918039805
9	36	-0.057139909906058356
40	68	-0.057151575967212986
6	46	-0.057173545362314254
19	57	-0.0571885666953062
28	43	-0.05729536613080513
36	61	-0.057302294825584854
23	49	-0.05749354547929572
29	46	-0.05754154547326229
31	64	-0.05775098328888087
13	19	-0.05787923623293406
33	47	-0.05804390549657945
14	41	-0.05827964590674578
16	33	-0.05829432389872019
24	44	-0.05834416004406659
42	66	-0.058356352961881935
19	31	-0.05836225709654441
40	47	-0.05838405787913817
3	14	-0.05852979037570802
42	55	-0.05902550235751872
4	66	-0.059141494964469854
23	54	-0.0592547235095566
4	61	-0.059394442118040236
3	65	-0.05943787259832234
15	43	-0.05943864094478332
4	44	-0.0595809295636216
12	22	-0.059665331484559186
59	69	-0.05968132260114059
46	57	-0.05969048166767246
25	53	-0.05997754531884031
33	57	-0.059999881758832585
1	30	-0.060027383786103505
18	36	-0.06003861104005315
1	31	-0.0600990625032547
9	44	-0.060131476807317424
18	41	-0.06027740198059067
41	48	-0.06040417296659534
19	32	-0.06072402937394508
36	65	-0.060948251354943805
11	46	-0.0610385960129797
39	64	-0.06106834474923825
17	39	-0.06116170727681133
6	56	-0.06137575349652635
4	18	-0.0614851694995307
6	31	-0.06150566234058552
40	63	-0.0616209844121175
5	32	-0.06162494446881661
7	50	-0.06165808966293118
27	67	-0.06188950062759818
2	19	-0.06191551903074016
38	55	-0.062092109099546794
33	62	-0.062119830288300315
16	38	-0.0622083334638881
1	10	-0.06231910368143967
19	34	-0.06238469185034248
8	25	-0.06238722636649463
37	46	-0.06242864548882773
7	12	-0.062428769049433425
22	40	-0.06256011895244837
3	21	-0.0626974362885449
5	46	-0.06285814686852104
39	46	-0.06293630054206376
1	13	-0.06295673501879509
9	23	-0.06297073170644449
18	29	-0.06298508044684975
8	69	-0.06319995043110421
7	56	-0.06331866156256288
14	23	-0.06360679387774387
30	59	-0.06361789937315132
15	18	-0.06363452692860647
7	48	-0.06371763419407644
44	62	-0.0638163683190616
41	52	-0.06383332695495869
42	49	-0.06400839395261326
42	48	-0.06404077578341369
24	59	-0.06405441644530627
36	53	-0.06407171576731455
2	44	-0.06412465300260253
13	46	-0.06417518855233684
3	47	-0.06422912818926182
35	45	-0.06428618138450859
22	39	-0.06430231869504743
56	62	-0.06441697683391251
13	25	-0.0645837579384759
26	59	-0.06464397956444692
14	25	-0.06496714595213784
43	66	-0.06497636596953996
31	59	-0.0652335058126719
19	26	-0.06531740125267274
4	21	-0.06538557477945547
9	25	-0.06547544403410796
3	6	-0.06560077260919725
30	65	-0.06564388303985522
51	60	-0.06574161775202012
24	39	-0.06577813424336773
25	63	-0.0658692152940685
1	68	-0.06592018145176634
43	54	-0.06594371611723521
39	66	-0.06594957962715961
33	54	-0.06607745015579616
25	58	-0.06608831392036937
18	35	-0.06625399311250507
19	55	-0.06625855303448822
43	45	-0.06637088339694291
19	47	-0.06659007170852468
19	22	-0.06690714286993468
28	56	-0.06694892555364348
34	43	-0.06695762477358774
12	56	-0.06721202114893793
27	36	-0.06740123966208736
13	23	-0.06747596168731279
3	30	-0.06761158252330315
40	51	-0.06781510109682667
1	62	-0.06802181071214697
59	67	-0.0680489146386874
4	15	-0.06814119478528038
46	53	-0.06816266248297961
16	43	-0.06818385697821808
16	23	-0.06836339194919272
27	40	-0.06876740299934972
26	44	-0.06895611759473483
22	35	-0.06896176903960086
13	38	-0.06900008383832051
40	57	-0.06903387512109527
20	56	-0.06903459317339616
6	67	-0.06921121591947413
43	65	-0.0692523475792019
13	43	-0.06943831853522103
37	42	-0.0694449770681094
28	35	-0.06959345968709632
31	33	-0.06977033410728509
31	69	-0.06980577176927286
12	21	-0.0699716838601791
40	65	-0.06999090106573558
12	59	-0.07019912388434418
25	27	-0.07054663474459857
5	20	-0.07067024768052757
4	30	-0.07070954105386351
15	23	-0.07071025024345229
5	47	-0.0707755099868207
19	65	-0.07085382865336887
11	25	-0.07089190385016958
41	66	-0.0708945554143589
19	63	-0.07090645365682666
31	40	-0.07100676831660152
24	42	-0.07120317926802308
23	57	-0.07121988990473452
43	58	-0.07131065786266316
25	69	-0.07135691250880175
48	56	-0.07165268096530653
33	45	-0.07171867919366207
41	57	-0.07173705293931001
27	44	-0.07180521314168767
3	4	-0.07187424065434825
10	46	-0.07197271682115244
8	59	-0.07201440334564227
3	22	-0.07211674926781078
44	45	-0.07240808726105005
30	48	-0.07243392298160017
14	44	-0.07249286495145818
29	40	-0.07266927294115375
4	16	-0.07290471371842883
17	33	-0.0731090233694385
8	42	-0.07322415752383882
8	30	-0.07360139347156877
28	46	-0.07363014891311126
12	53	-0.07380404075394456
36	45	-0.07398462465724703
38	67	-0.07447547842133984
13	36	-0.0745794495589171
17	23	-0.07515737161529681
2	42	-0.07529268131600597
23	27	-0.07597429898303967
1	8	-0.07604250271612997
23	53	-0.07612125752890592
38	52	-0.07622426566256682
33	58	-0.07649274142462473
2	33	-0.07662723370501184
32	46	-0.07711005039363716
56	67	-0.07721469331731193
58	60	-0.07731478323713772
23	29	-0.07732580856554797
22	33	-0.07766352363851628
43	68	-0.07779995447036675
1	48	-0.07792701303303765
44	47	-0.07845428313017119
38	61	-0.07859877118963374
13	40	-0.07863430129244015
1	26	-0.07865113687035061
35	50	-0.07867396378827837
42	54	-0.07870732440034328
5	61	-0.07874506913450074
23	34	-0.0788184581489901
23	58	-0.07887819574285804
21	40	-0.07926965939372382
8	19	-0.07928774350356557
23	26	-0.07941480755108427
7	38	-0.07941716229658397
19	54	-0.07951396277751521
25	52	-0.07961607655349082
22	42	-0.07988164868165143
42	45	-0.07994929566325229
38	51	-0.08012818859474602
13	41	-0.08019744209882851
17	41	-0.08031520948366286
1	64	-0.08046300488372357
26	40	-0.08054335520947634
5	37	-0.08081031440773667
17	35	-0.08101951693927262
43	52	-0.08175073294445157
34	59	-0.08177697780977475
7	58	-0.08184999171640914
42	63	-0.08198695707263443
25	37	-0.08215965455154933
43	67	-0.082175011347326
44	63	-0.08222256066492517
15	33	-0.08228464525378579
26	33	-0.08229674186753375
2	41	-0.08244261891852916
19	51	-0.08255091055908617
30	61	-0.0825561658594201
6	60	-0.08260076412819198
35	46	-0.08274041448512959
33	61	-0.08337220976208085
2	43	-0.08338125841339836
39	61	-0.08373468605294812
24	40	-0.084076878879338
3	58	-0.08454832794623957
37	59	-0.08569322619952632
16	44	-0.08640156623611481
43	63	-0.08676770191952828
42	58	-0.08700179863734642
40	62	-0.08722433937229726
25	65	-0.08732741546299233
19	67	-0.08774791431808321
8	43	-0.08809870703221515
41	51	-0.08827616847459058
41	47	-0.08877939017817321
13	56	-0.08899565766251308
23	31	-0.08958772817584842
34	40	-0.09317312246448393
25	29	-0.09471730400773473
23	63	-0.09476186753462637
27	42	-0.09500086698439902
23	62	-0.0951783525701759
12	46	-0.09610536791144011
25	32	-0.09637243654408378
1	45	-0.09653989240389435
40	58	-0.09908331971475291
42	57	-0.1006718263166976
8	23	-0.10394321060377038
14	46	-0.10660373242071339
41	67	-0.15190595105049845
