44	81	0.40928400740248405
63	67	0.29112567636118747
36	40	0.281059813352404
6	39	0.26575724901013564
43	50	0.2496155442700875
4	74	0.24078354635244487
11	19	0.2347815684377179
37	48	0.2260971420865347
43	67	0.22286255839282326
27	29	0.21354222304610038
2	39	0.20948370609310463
12	14	0.20517461317678945
16	58	0.20368803252060758
77	79	0.2007824137197478
42	43	0.19855273014418945
74	75	0.19804452372675907
12	70	0.196678956434644
4	12	0.1926388653418804
30	43	0.19095583855923753
74	79	0.18638467696004724
38	63	0.18629944497654372
32	60	0.18277329941261405
42	45	0.18144264697443707
44	79	0.17945349051969905
13	39	0.17245051287512872
13	14	0.170464774012617
38	42	0.1702970402110252
48	77	0.16987443113641054
11	44	0.16846869067968145
58	66	0.16662619234544895
4	16	0.16581538663286888
35	46	0.16558558735124718
14	63	0.16541022633713434
18	19	0.1652162488467982
38	65	0.16237104240340433
36	70	0.1623299667557453
6	33	0.16211616381614094
63	71	0.16103768973564514
33	44	0.16065156513418172
13	53	0.15753815542248478
69	70	0.1575166012239435
11	16	0.15656153639955983
39	48	0.15431003576374153
13	43	0.1538099655221319
13	48	0.14725913116679912
14	44	0.14678155975302493
5	10	0.1465454832696773
2	3	0.14555688678337297
14	37	0.1449357514422631
14	33	0.14395212324522028
30	67	0.14129232984664852
6	37	0.14092051912851375
33	37	0.13977996645181168
27	70	0.13784017032543638
48	53	0.1377864180980009
60	79	0.1357859357283776
26	60	0.1357039761667606
28	42	0.13547039041826514
50	67	0.1349298608221602
46	59	0.13336158301861234
56	68	0.13287549004166954
57	59	0.13280198743238358
22	50	0.13088584708457512
43	58	0.1295093403183859
12	38	0.1283279373411424
13	79	0.12732734694637735
70	74	0.12670828814533852
30	53	0.12648947217817136
34	46	0.12642458200588202
51	53	0.12622369821174212
2	69	0.12584069505595208
19	44	0.12469768893666633
13	67	0.1243776135396692
31	77	0.12360752410956721
31	79	0.12312376165244676
40	81	0.12257200017551173
52	55	0.12236088689090474
9	11	0.12227817215961173
6	74	0.12111466076448513
40	45	0.12063501198693044
55	81	0.11970541415724323
12	69	0.11931654121694302
11	53	0.11799735086248461
75	80	0.11782402160082317
39	47	0.11707888295531768
26	45	0.11698830653257775
11	58	0.11646759424719105
33	42	0.1153059069819336
69	78	0.11438858629531612
4	81	0.1139632960596349
33	46	0.11383645604043613
34	65	0.11374107955663482
11	50	0.11316185087459157
12	63	0.1125175411191981
56	72	0.11248308112804128
8	74	0.11171534513303372
52	73	0.11060156849070879
43	63	0.11056710447450574
41	54	0.10980288114022774
22	47	0.10920335790343677
4	14	0.10873232437386923
57	64	0.10852737306075566
8	46	0.10838376402149541
4	13	0.10808041919184996
30	47	0.10793851667124749
44	50	0.10761508707299816
27	73	0.10696615322857983
16	53	0.1046181373956579
18	33	0.10443601767720134
26	49	0.10439682561327057
3	35	0.10267235497713811
18	21	0.10260429531999693
6	13	0.10204755708305764
8	35	0.10176313057366726
15	26	0.10094318036773486
13	50	0.10071074055771342
15	76	0.10057476784721842
3	76	0.10033778371435242
10	51	0.10020180313564025
3	41	0.09947351456549902
6	22	0.09936063942287932
41	43	0.09894935545235212
2	70	0.09878946468782995
27	28	0.09869353507905787
48	71	0.0977373551209979
30	34	0.09749346223027111
32	35	0.09716062020499538
53	62	0.09699427821766005
24	80	0.09698363699614232
29	49	0.0967022790749601
18	39	0.0964273034427724
29	37	0.09571692230682749
19	61	0.09547636389484782
26	31	0.09465352020953832
26	71	0.09450449516126608
2	9	0.09425234249062464
52	54	0.0941114336320682
18	20	0.09345743480539259
57	74	0.093404200058047
33	48	0.09327727661753452
66	76	0.09310626285551638
15	24	0.09245950616001974
29	31	0.09222711771854297
6	79	0.09198567102932848
14	69	0.09194801517081735
37	62	0.09186739425708673
66	72	0.09176647961749307
45	53	0.0917120209543485
35	54	0.09158088222799832
41	78	0.09077854457747314
22	77	0.09069252111283188
49	62	0.09065631577038025
41	42	0.09053480143717985
47	50	0.09030319696644429
54	75	0.09018169708544743
5	25	0.09017480529090871
46	73	0.0897106386561356
11	51	0.08954915280156134
13	69	0.08904011260978054
52	80	0.08890269716868537
4	9	0.08880123955677582
53	71	0.08831803345965378
15	80	0.08820419871576612
16	28	0.08774110589230122
5	21	0.08740109967227216
67	69	0.08733096313667929
53	58	0.08732603658331672
25	76	0.08727969561449489
37	53	0.08654513704399505
22	39	0.08644268451625459
3	52	0.08626771242243803
8	44	0.08607121915836607
28	70	0.0857578349058905
24	73	0.08549040027076937
22	46	0.08541238854927713
13	38	0.08532026745209564
61	68	0.08510523350282229
17	54	0.08477409158655502
14	30	0.08456238303607957
10	25	0.08446561142564157
67	70	0.08436908412288885
39	67	0.08420672780857721
22	79	0.08366826797845361
70	73	0.08353856857589653
21	27	0.08348561393972231
51	59	0.08348385432308852
2	75	0.08315607867420982
8	75	0.08307999262615984
40	65	0.08270683999204964
50	63	0.08270550256837472
59	60	0.08237921409133248
4	37	0.082367971506427
28	69	0.08183312168362267
12	67	0.08101502102148239
10	11	0.08058023136337311
31	53	0.08057804999822338
17	46	0.08018542429247799
13	37	0.07976394444545715
6	11	0.07963317295240638
30	66	0.07940253833974298
13	70	0.07932572233422217
24	77	0.07929130328955808
9	81	0.07919571563609684
24	64	0.07907243563179911
13	30	0.07886135859413909
16	35	0.0781376039711632
19	58	0.07813055898130816
51	75	0.07810989266468715
13	33	0.07788357211682592
11	13	0.07784907973888439
14	48	0.0776416334007205
16	65	0.07748614665851494
38	53	0.07745899597688419
31	71	0.07730902361813918
29	52	0.07728284039479183
26	70	0.07723823859286394
8	28	0.0769024786101461
8	11	0.07641355126714539
19	65	0.0763940651850551
19	20	0.07632942804346743
32	34	0.07617562698016123
55	62	0.07584936798913533
16	70	0.07567384513268266
31	45	0.075554034506912
4	50	0.07545536657453714
17	20	0.07534363061014071
46	56	0.07480943497710313
34	37	0.07458146352235917
45	71	0.07453649343104529
3	4	0.07438375483183246
12	36	0.07438229261297447
11	31	0.07432616838959544
18	66	0.07418778114908331
13	58	0.07396834304164648
8	14	0.07380884446678332
2	30	0.07379679934862737
29	81	0.0735721092329249
14	39	0.07354640168257592
65	72	0.07325925740548722
48	67	0.07316749945119708
63	74	0.07313141633195225
52	75	0.073084010179164
59	79	0.07284543033811408
13	36	0.07282209702348727
2	49	0.07256812751625719
22	69	0.07214315427473056
55	70	0.07202358394292935
60	76	0.0719900285824443
25	64	0.07188799661085998
36	60	0.07184158470695479
17	36	0.07177991042645471
69	76	0.07177627452102353
51	62	0.07162950795591605
15	81	0.07140547448222723
36	52	0.07137388923206012
16	31	0.07131473778101838
32	47	0.07112028656530445
27	52	0.07091530375788435
20	62	0.07087573482092313
44	69	0.07080081587155768
26	75	0.07071500714466394
52	57	0.07069446270498314
22	68	0.07058026771878467
14	67	0.0705218707877947
56	75	0.07040703993949948
72	75	0.07034547280731096
38	58	0.07032260562217191
36	44	0.07028917520150973
36	63	0.07015038138194313
32	72	0.07011308754426915
12	42	0.07006560486518465
51	73	0.06999005575519246
41	76	0.06995954151758166
72	76	0.06994661827841808
18	48	0.06969785785249383
66	80	0.06941842630418094
50	69	0.06930396120139404
21	57	0.06930226303013132
2	50	0.06927131517142188
37	42	0.06917557816841163
34	49	0.06917268756181127
4	66	0.06916798273874875
10	44	0.06902586299141089
16	19	0.06900439262003855
38	67	0.06890183819831361
39	45	0.06885665648729766
32	78	0.06885580856546969
9	56	0.0688117277949466
13	51	0.06871330368961862
11	43	0.06812956102721104
2	18	0.06803793945389958
42	58	0.06772726515300959
45	59	0.06759983659998536
3	17	0.06757229628793271
18	25	0.0673599516557516
31	66	0.0672785481923196
59	65	0.06653995953342307
11	45	0.0665346593781182
33	50	0.06643971000924809
6	14	0.06627404285033114
8	70	0.06614984295414206
74	77	0.06613997407365091
9	35	0.0660399168035648
20	25	0.06597251082914368
56	74	0.06575857736299989
34	81	0.06568657289357172
57	61	0.06526110988642908
55	59	0.06521727320816495
35	49	0.06500606765344441
14	79	0.06452685420333296
24	78	0.06435457864170135
60	61	0.06414650170433417
72	80	0.063987207122015
21	32	0.06389963474947458
2	8	0.06385107526003403
24	34	0.06344434188586012
64	75	0.06340889867655919
60	69	0.0633800175929381
18	80	0.06336696444781587
46	64	0.06331573401897206
9	68	0.06311260036808719
30	33	0.06305910578537433
32	61	0.06291901618346463
2	81	0.06286521276813312
4	43	0.06253681387071885
12	13	0.062467052215852886
15	58	0.0622251714082086
57	73	0.06204975352123421
20	22	0.061970264869345426
23	61	0.06195119198986482
27	68	0.06178312770850547
15	46	0.06175998484037526
40	78	0.061728184183807766
24	72	0.06172277773595336
29	67	0.061681334841134305
21	25	0.06162279026500306
57	71	0.06151013731541266
68	80	0.061482284388447495
9	75	0.061478529722487574
36	50	0.06142669630176212
9	28	0.06124381239840093
47	80	0.061229428768412864
15	52	0.0611141066455525
3	66	0.060886832931373314
27	39	0.06084678434303292
33	79	0.06070718377892537
58	69	0.060460697305167566
37	74	0.06045016800641517
10	41	0.06020304462338999
21	76	0.060134198265493155
64	78	0.0601290366914935
8	29	0.05982734118124822
13	16	0.059777476690296844
37	38	0.0595776403024616
8	37	0.059471277248506704
40	49	0.05935789198969421
8	27	0.05932532655163458
32	75	0.05928780506892817
39	40	0.059217997191234384
33	40	0.05921577395668132
59	74	0.05917935359551624
17	72	0.05914789576058077
28	59	0.05914761287300485
41	45	0.05855000904622343
9	20	0.05854753680985647
23	47	0.05849228249250826
4	39	0.05848764587826194
20	51	0.05839584130592257
24	75	0.05805683625186253
28	81	0.058012160044498384
28	43	0.05772794493349581
15	22	0.05766241723415322
5	16	0.0575628592246718
37	45	0.05752837130118543
17	55	0.057347581828173344
33	78	0.05725878601662332
59	78	0.05722880873110403
42	63	0.057211233496617386
32	33	0.05713549862665995
19	47	0.05674631878409575
55	72	0.05655715259304783
2	6	0.056513071471941234
67	79	0.05638005750796227
7	31	0.05637911692074596
59	72	0.05635981668968926
5	49	0.05631915800788745
6	58	0.05630009431868377
17	26	0.05605296964974604
52	72	0.05594645914301033
66	68	0.05585749333631895
37	66	0.055829821249792355
35	76	0.05578216795882829
39	53	0.05559333817611725
44	75	0.05542434205320007
26	57	0.055422380244453784
29	66	0.055262767639361
25	75	0.05525072987548729
18	29	0.05512330060686721
27	65	0.05510091623513613
66	81	0.05502900648389164
20	64	0.05491269623374517
58	61	0.0548637841388796
9	12	0.05460206789053984
18	77	0.05455399927319737
16	44	0.05455097538519571
7	74	0.05439535666897519
20	52	0.054378820782810644
37	71	0.054253276184285215
32	46	0.054252418916369116
14	71	0.0542320390104368
6	68	0.05407142534615972
28	66	0.05365749289502442
15	48	0.0536404911366844
5	72	0.05351002690931195
28	74	0.05331044404071994
19	40	0.053160893648925844
26	32	0.05300892573521365
28	38	0.05300668846010387
3	10	0.052971166502953415
12	41	0.05274824317461985
15	19	0.052747383266593895
26	33	0.05274502697582195
23	41	0.05268743976356988
27	33	0.052587144039743294
26	61	0.05238329806437658
47	53	0.052343903184426
3	25	0.052300050045689495
31	60	0.052266422724960404
32	52	0.052250004998569355
5	23	0.05221110814886304
31	55	0.051976041426308406
10	20	0.05183692179271748
64	73	0.05154291874641059
8	43	0.05145419341811819
59	64	0.05144683354830626
9	46	0.05129078979738144
2	13	0.05124756148462142
22	62	0.05118435865338594
22	70	0.05107089921344349
25	52	0.05096915584771611
13	60	0.05089344698095724
37	67	0.05081194343702869
75	76	0.050584500770459284
30	49	0.050519955309151765
27	31	0.05048761605365448
38	60	0.0504540720689437
17	19	0.05038498134547387
8	31	0.0502992513187559
23	73	0.05009614197180157
25	59	0.050053784782716826
38	46	0.0497968481929128
16	48	0.049764860608517425
5	59	0.04973738806871675
37	50	0.04968734334586461
56	61	0.04965075519050588
29	36	0.049643919090606725
49	60	0.049605286501037016
25	50	0.04959076298242371
11	30	0.04956374386489476
30	62	0.049519421028701105
20	28	0.04921940176178974
37	49	0.04902873319764017
12	25	0.04883858859324963
20	77	0.048786554063884824
13	44	0.048779382532007254
59	62	0.04863523778270451
18	36	0.04857246736841675
11	37	0.04854366403752963
35	58	0.04846985256776576
68	78	0.0483963131468782
3	46	0.0483462271582038
61	66	0.048332771660759444
32	76	0.04826429427767254
61	75	0.04826362582403354
17	73	0.04822848862106777
44	47	0.04816485915851376
54	72	0.048052341255489406
7	29	0.04799898630913044
51	71	0.047886967918815415
26	29	0.04777666949632986
34	80	0.04743340571971888
9	78	0.04739888060711195
17	27	0.0473984945955257
71	72	0.04734454924989934
9	80	0.047315480309111146
26	66	0.04730561370287445
76	80	0.047062916411914624
12	55	0.04698279373443792
25	28	0.04685239792074347
20	54	0.04684784340798587
70	82	0.04684733163355907
15	57	0.04672528172176449
17	63	0.04672050420687707
5	78	0.046647162713156165
6	77	0.04656148471203336
23	54	0.0465359032519746
50	60	0.04640026251010115
68	72	0.04639893032340714
65	81	0.046362635015480325
43	71	0.046319081121081795
12	56	0.04619196425201921
15	35	0.046127458293465096
10	21	0.046079562281542086
57	80	0.04607280404647407
19	28	0.04600494185916626
32	59	0.04576008650803065
20	26	0.04561723551747088
34	61	0.04552597863738039
21	66	0.045409733141182684
23	78	0.04540896080033596
15	55	0.04504471050824865
39	55	0.04495721755291976
11	48	0.0449533852747262
9	76	0.04491742693920808
21	72	0.04488282460292292
16	23	0.04483828429394382
31	74	0.04483679096865256
41	48	0.044659820179885346
38	71	0.04465155166711171
33	77	0.044542450432919156
24	60	0.04437463749899556
20	27	0.044340757360547545
62	64	0.044337293819413204
4	70	0.044298331110349976
14	19	0.04418938075337586
49	78	0.044036925165764185
42	49	0.044005878601605986
8	73	0.04363405243910401
54	81	0.04360279828805236
38	78	0.04359959645300654
41	59	0.0435987248902544
6	38	0.043526516214770966
61	80	0.04337915187131902
5	73	0.04335098061950793
39	54	0.043332816410448394
43	53	0.04332380451823303
17	71	0.04331520129397892
5	15	0.04324126783287097
23	64	0.04320051302665978
21	34	0.043139559325035326
3	62	0.04305066939655444
14	43	0.043035808087079575
62	68	0.04296048911540529
50	70	0.04292002535793171
21	37	0.0428533102062269
3	20	0.04273560278700672
10	72	0.042722464105490854
46	47	0.042690533361673944
40	48	0.042586409364176125
7	65	0.04250231985987782
2	47	0.042494712674281176
15	40	0.04242601273459479
24	56	0.042316067618129005
24	41	0.042264719559592434
21	56	0.04215476487247105
40	62	0.041809418739055526
47	74	0.041703583877330086
17	64	0.04169579473398588
21	31	0.04153513820681065
61	64	0.04146817611547049
11	69	0.04144998244159476
43	68	0.041356707313221275
35	64	0.04131655116168087
61	78	0.041207355850501615
46	62	0.04119761269127509
45	65	0.04118970329167815
35	47	0.04116176066510924
24	27	0.04114710117761833
21	69	0.04111753328026069
9	24	0.04110358199874142
9	47	0.04108350620755308
8	34	0.04108206204141074
18	74	0.040838460605052196
24	47	0.0408185484940089
64	80	0.04071954807509359
34	55	0.040719414712442115
16	20	0.04063555964915244
55	74	0.04061528631131256
3	40	0.040600800528165504
19	79	0.04058200337772411
17	21	0.04053894533705382
55	66	0.040408309876363235
31	64	0.04036912817799376
5	68	0.04036642297478721
16	75	0.040334812125000064
21	78	0.04032018377672997
61	71	0.04025432395440509
32	62	0.04025173132274151
11	77	0.04023398208620571
52	65	0.040227736380560875
32	55	0.040172733211657485
4	5	0.04015268507070241
5	52	0.04008214569898216
12	82	0.040074695955567105
16	57	0.040020785677879755
36	82	0.039960106240264026
14	58	0.039892255428689016
65	79	0.03972544980428144
40	54	0.03961144195337096
14	77	0.03960089603954736
61	76	0.03951543318020134
23	44	0.039477127512316634
62	78	0.039448871745050185
34	54	0.03929033494791778
17	24	0.03928927841327445
47	64	0.03916312908098818
18	60	0.0391619344756306
12	66	0.03916032427210264
5	65	0.039120965083916714
54	68	0.03911875069613835
29	47	0.039040039626117795
35	59	0.03896472198904133
65	71	0.03883957015311634
38	76	0.03882238430860213
58	63	0.03864340177691833
17	31	0.0385889029296258
17	28	0.03854145698061029
24	49	0.038518045527643485
34	68	0.03836696921463456
19	51	0.03829855315926767
28	58	0.03828952520683043
51	54	0.03827437490417129
29	45	0.03824986128892821
15	37	0.03824244645510172
36	37	0.03814123705559547
66	71	0.038136398779988145
4	19	0.03813408541497415
26	50	0.0381121747313668
32	70	0.03798144268878184
9	18	0.03795675766275286
50	62	0.037887190826946526
13	77	0.03781495316418024
36	48	0.037767392208862466
53	70	0.03775827572516724
51	65	0.03774224636590273
18	27	0.037739623156683
40	47	0.037632265164676326
16	34	0.03737647468847194
64	74	0.03730195061950936
4	6	0.037288161288358934
40	66	0.03720402198419237
15	28	0.03713422420772561
6	71	0.03705170163433519
65	73	0.03700943921547373
52	61	0.03699315565341699
10	60	0.036928316922047566
7	47	0.03685048649275155
21	23	0.036799860413672336
28	55	0.036789520861681524
29	54	0.03669548653672994
17	61	0.03669117552014933
25	49	0.03664810889270087
3	78	0.03664260742272718
17	33	0.036499240121059096
10	75	0.03644921213002761
32	68	0.03641471221846848
25	51	0.03632426326531363
40	76	0.036314380314919736
4	48	0.03628176297034763
53	67	0.036247156365448424
20	29	0.03617208775603431
29	43	0.03614617663311376
31	62	0.0357881776184229
23	57	0.03578709329217339
24	31	0.035767979481482914
24	53	0.03555818174370906
7	30	0.03554053880664146
55	61	0.03551715660705124
45	68	0.03548864150631248
23	76	0.035399555594004206
41	73	0.03532387087804334
39	43	0.03519371639149638
22	54	0.03513155923558808
19	35	0.03510794904719494
36	43	0.03510088708632014
3	23	0.035038091661579784
23	77	0.03502248440821243
32	40	0.035006387698645836
41	58	0.03491275923735354
56	64	0.034870383013496764
6	12	0.03482824576814014
1	13	0.034806100372939006
37	39	0.03469925815494876
8	30	0.03462081787921656
75	78	0.034567251396583676
5	40	0.03447083237699511
8	76	0.03445240281140871
63	64	0.034340552029934135
45	51	0.034225394680819976
22	49	0.03421444952942809
9	41	0.03415396183039632
50	79	0.03412646704131936
44	62	0.034121534876036586
34	56	0.034020983120783055
5	9	0.033966873897502636
55	76	0.03385561835509454
41	77	0.03374752222973115
21	28	0.033519917803127575
5	29	0.033483648184126635
29	55	0.03346810511661247
45	80	0.033454869166303136
60	77	0.03330648693278304
10	23	0.0332694642091198
56	65	0.03323598500172309
27	49	0.033234883566180096
64	70	0.033232977257655116
17	74	0.03322199842511503
41	69	0.03318310203778202
27	59	0.03313823262898408
35	40	0.03311956927753512
19	32	0.03309809326621105
10	58	0.033029298659576656
27	40	0.03302824412883443
23	56	0.0329377728911579
65	76	0.03290451587075571
7	11	0.03285692209198421
23	42	0.032793549154660706
51	52	0.032732087563480616
6	7	0.032655394453410064
46	57	0.032545997794059534
49	59	0.03235579252329157
17	49	0.03220038703753547
28	34	0.03219831294846265
3	73	0.03216083424111926
34	52	0.032136556930265625
3	57	0.03211413625715742
3	34	0.03208942043542218
56	80	0.032080403230640986
8	19	0.03180096046410108
18	52	0.031800524947187325
65	77	0.031646115069729086
37	43	0.03164522714989168
14	81	0.03164478294166562
3	72	0.03164395850843893
22	31	0.031574693176651625
51	76	0.03154695614431785
72	79	0.03153773685674721
27	78	0.03151020232265489
61	73	0.03148201677121465
13	45	0.03134098282150832
7	53	0.03128638561032798
2	57	0.031121978161774644
32	71	0.031075086986486977
10	17	0.030996669986955827
29	56	0.03097655958127521
10	65	0.030966958523106825
33	62	0.030949172282559556
54	56	0.03087301524049635
5	24	0.03083059594983173
41	71	0.030814973515526867
2	4	0.03067014845968352
29	73	0.030628914304159482
13	63	0.030584437881937238
9	64	0.0305413239205502
25	53	0.030532010156248235
58	62	0.03051955917495247
17	66	0.030464567402220588
8	52	0.030408549582468636
61	62	0.030355538233001966
33	36	0.030292703876071636
28	63	0.030253805469050044
9	73	0.030183543085422926
37	60	0.030049668935840212
59	70	0.029975136817267156
6	63	0.02995299760428502
61	65	0.029939636903184463
21	64	0.0299356238307944
27	81	0.029882507295364125
21	63	0.02985950286311123
57	81	0.029765255359098908
11	41	0.02965705396002316
42	53	0.029641775574344442
10	54	0.02953201609090339
9	66	0.029510148513692047
27	72	0.02948944636173023
47	73	0.029473488174177498
5	46	0.02945789523577469
3	68	0.029445209209330803
64	65	0.02938360662445072
34	64	0.029380533568977074
26	58	0.02933043311551592
32	54	0.029324120397733466
38	39	0.029297637027802526
10	56	0.0292233210310473
25	56	0.029044834748076065
57	65	0.028964366810989906
55	80	0.02893537531542345
1	60	0.02886517615310223
23	25	0.028829504632517988
54	76	0.028813622520654225
35	56	0.02874704653714233
24	62	0.02866390338465996
47	63	0.02860634685680058
42	67	0.028593465085637954
30	42	0.028349931554811636
51	64	0.028335689250022
25	45	0.028156366443795156
44	68	0.02806850898243235
21	68	0.028059574631049022
52	69	0.028035458626732235
56	76	0.02801207358174318
40	74	0.027962507382534363
64	72	0.027951291622113517
64	82	0.027949296451817235
20	56	0.02791472913481796
44	46	0.027824834830958767
5	56	0.02777877528189754
57	60	0.027772441631156553
28	50	0.02776084082323066
17	53	0.02769244670886034
67	71	0.027688951978279336
17	30	0.027602401539924937
6	31	0.027497532285834014
60	72	0.027497086987595065
46	74	0.027480000629792445
50	65	0.027447410929968108
15	72	0.027420810619051217
22	34	0.027317438757407886
31	61	0.027213778986007853
34	73	0.027136192963531536
29	68	0.027125572969345924
42	52	0.027086321278975145
26	63	0.027045700027173603
23	24	0.02678513728993498
36	79	0.026686832467639476
28	71	0.02653501973417688
2	16	0.026488579903007514
23	62	0.026444887461326394
21	24	0.02639728043154499
45	54	0.026386002528994812
21	22	0.02620696900833508
35	80	0.026193180592627097
8	22	0.026162687626647085
17	52	0.02613911230034416
25	31	0.02608768461000366
16	69	0.026086052230680334
40	56	0.025957794075321616
24	54	0.0259046489377599
18	76	0.02586663721051008
23	49	0.025851237495009505
10	16	0.025849701976634942
31	81	0.02582922008306554
24	29	0.02578939643691336
21	61	0.025750723366126493
38	59	0.025724805873529433
27	66	0.0257065200650739
27	42	0.025615608203802154
18	56	0.02560671454415331
37	59	0.025572569829990788
18	28	0.025481716140387745
23	36	0.02547486295288398
28	54	0.02538443233499843
23	80	0.025372502411849907
2	12	0.025138296147295125
49	61	0.025115437826822684
7	48	0.02511409666454309
29	42	0.0251054040385727
32	77	0.02508388434435893
22	32	0.02505051714252271
8	79	0.02502515401804012
36	62	0.024935732102170816
22	61	0.02481550446037295
28	51	0.02480048315303829
14	53	0.02477429062357639
20	49	0.02477382988786858
29	59	0.02475958896071706
55	64	0.024701489207294425
81	82	0.02469950192079612
48	79	0.024667852571789606
7	77	0.024624586630448614
36	38	0.024582040085671775
15	47	0.02456699543958607
46	79	0.024558972841268678
35	78	0.02447672143898838
8	82	0.02446440483872503
17	56	0.024446150036498415
46	72	0.02441671814081603
24	76	0.024363421637190297
18	63	0.024294128057083086
3	33	0.024275060804658022
49	68	0.02423989522166714
39	66	0.02417203964144754
23	55	0.024109212515999234
5	42	0.024005391335455206
26	78	0.023996570302254328
29	76	0.02390321162623743
4	46	0.023828645899070466
59	76	0.02380682345406826
8	18	0.023783418111601118
23	68	0.023775688155165287
60	82	0.023677421948379324
22	24	0.023601832958796476
11	18	0.023600645187556724
30	75	0.02355495264964297
12	76	0.02352005516436767
46	68	0.02351805713891164
17	40	0.023506799184146776
2	61	0.02348182118497938
3	7	0.02346708091595867
17	39	0.023448134539767518
49	54	0.023390089932112335
11	67	0.023335738148723556
66	75	0.023302682612227343
2	26	0.023281413369894643
16	56	0.02327932113618808
50	73	0.023236852403852315
60	66	0.023201212219044365
7	40	0.0231749291739983
3	32	0.023088116977557638
30	50	0.023005126114793162
29	32	0.022955049774356695
24	36	0.022881886434503285
6	73	0.022819003931044635
12	78	0.022803434466402983
4	41	0.022737054343221486
2	43	0.022600570429015976
39	75	0.02259431519775762
3	61	0.02257354018130653
26	65	0.022543209423179
2	15	0.02252691628229264
3	75	0.022495151319156692
18	59	0.02248485430780045
10	78	0.022332597101631935
18	79	0.022329174229960835
19	75	0.022254747565375044
51	57	0.022175006830744026
2	72	0.02211456677815421
35	57	0.022102777971032328
20	40	0.022073658564858434
49	52	0.02206133465986415
17	47	0.022055771635736465
47	54	0.02200781206488356
20	68	0.021977511551950157
20	45	0.021973677524321222
3	69	0.0218907197536633
42	61	0.021759347402756646
10	36	0.021737221679491436
72	78	0.0216871068833836
5	22	0.021619176212158697
60	68	0.021531642410752727
24	26	0.021527403396858213
12	40	0.0214422825445032
50	82	0.02142150099955277
15	21	0.021390561582043333
34	62	0.02138770323966277
39	71	0.02122241361796895
52	76	0.02120748189582622
77	82	0.021206653056522362
24	35	0.02115868794630016
10	77	0.02113187921921883
23	51	0.021014089659912694
7	41	0.020999643498717774
5	35	0.02099780216790592
3	80	0.02082357600333351
32	38	0.020784667593677753
25	80	0.020771859888873756
49	72	0.0207705124459725
26	34	0.020766354844910295
33	67	0.02074235978107644
25	36	0.02072747990881324
63	80	0.020723724062572224
3	24	0.020704029570333016
10	18	0.020627610399167717
48	65	0.020620698336628607
33	39	0.020606519484685087
8	47	0.020455839090401606
15	17	0.020388163829926143
78	80	0.02036328876249649
43	75	0.020281636460219077
27	62	0.020274066747944408
1	6	0.020251951911689728
47	49	0.020221226882142784
6	45	0.02015734786181983
24	25	0.020125508473198495
74	76	0.02005864424143089
13	71	0.02001058922439694
26	27	0.019993077785269486
30	37	0.019983182367924957
16	80	0.01997491196560991
14	17	0.019922021377216714
33	74	0.019886946322678678
40	73	0.019817471161978184
7	16	0.019749744052720536
42	68	0.01973559937292635
13	82	0.019660431322267823
2	21	0.01962393040094179
41	57	0.019619078984068117
68	76	0.019605547818273728
7	43	0.01955295216853445
34	63	0.01937513979204747
2	36	0.01936813243786978
15	51	0.01922743319877812
28	61	0.0191733071870831
10	32	0.019143673813561413
55	65	0.019141182495314824
20	23	0.01909221408592421
10	61	0.019053137040845658
21	55	0.019048642890786116
19	57	0.019026080253085165
5	60	0.018788442677103723
52	64	0.018787273547385186
7	52	0.01873658251816379
23	65	0.018616243888066375
3	9	0.01849480137806825
40	41	0.01844409007692005
42	77	0.018421842601578253
28	73	0.01841310690818798
1	77	0.018376413093416727
40	53	0.018310364080955266
46	80	0.018289164422694237
27	46	0.01825874142566386
22	23	0.018253586488335305
19	27	0.018184542895945177
47	61	0.018154811645251234
37	44	0.01811235738497874
64	71	0.018079689982491987
25	32	0.01801089539595413
28	78	0.01800712820097894
20	34	0.01789606582623282
22	51	0.017894941636788952
52	66	0.017858954315419395
16	68	0.01780578031029073
3	31	0.017756898768589546
22	55	0.017719575908787255
48	70	0.01766900605492311
7	49	0.017606548747144624
25	65	0.017583676185472297
42	50	0.017544100616272484
6	17	0.017543622211588006
59	81	0.0174573821365559
43	44	0.017410718022474653
74	78	0.017404007638500252
57	58	0.01740005637074976
28	39	0.01738165388378493
15	43	0.017369775864220005
10	73	0.017358467802733646
30	77	0.017358285381370353
30	82	0.017333492071653592
68	81	0.01729787870312527
19	42	0.01726763740676973
48	78	0.017243586645719233
31	33	0.0171183527674183
46	66	0.01703618745577762
14	36	0.017002078318157365
45	60	0.01699072862623352
73	80	0.016979777243332106
30	59	0.01692744525883233
1	51	0.01688577561636602
59	80	0.016885550999843235
4	71	0.016845998083750646
8	66	0.016813999947848157
7	8	0.01680408783316714
15	70	0.01674416761279529
24	42	0.01672792837083331
44	76	0.016576116954091058
6	8	0.016573869914882633
22	25	0.01645000013468889
38	49	0.016404439305196195
23	34	0.01634712874245986
5	61	0.01630650736082817
2	22	0.01628351752185314
48	73	0.016270529718572346
49	57	0.01626932233960976
51	58	0.01615636387226832
18	72	0.01614346903373698
47	77	0.016135914025994624
51	56	0.01613578337057675
68	82	0.016095136423175282
1	12	0.016085414322572475
2	35	0.016053662297165483
10	26	0.016004498261778632
7	37	0.01592103946460438
1	14	0.015863698027294836
55	63	0.015855839290079277
11	46	0.015847950374615283
4	32	0.015842477967523583
19	78	0.015798802523987243
47	65	0.015768440188406174
23	28	0.01573776285157691
9	23	0.015635715768053504
28	31	0.015622990296625283
66	78	0.015408552812931853
19	63	0.0154067450244314
5	28	0.015388880184530551
4	64	0.015332864858017159
9	15	0.015323632504115725
1	38	0.015289386791151077
37	51	0.015255363634120334
2	19	0.015230784684358567
19	34	0.015224457584823603
13	74	0.015198589998461964
3	71	0.0151856464570152
49	74	0.015152468022002208
49	81	0.015142964801132308
42	62	0.015011775826639318
56	62	0.014941963693746896
48	68	0.014824926875200872
38	70	0.014749026819191435
7	46	0.014712581797409613
57	68	0.01462925284953509
62	65	0.014618639049301163
53	73	0.014575563583971551
25	68	0.014562755970694008
35	79	0.014478911207159495
6	54	0.014466804963468749
47	56	0.0144286786228911
10	35	0.01442526008272449
19	54	0.014420986781361167
1	48	0.014419667014606452
17	25	0.014375580187953818
45	77	0.01432069616182774
6	48	0.014308220779867015
20	24	0.01420551909852763
6	34	0.014163034950337772
55	58	0.014160765542351017
41	64	0.014133683529027441
35	61	0.014084278919006432
56	57	0.014075568173648523
75	79	0.014061556463699443
52	56	0.01403073976973579
6	52	0.01400742927126264
6	26	0.014003191972244144
22	64	0.013889043378816579
23	27	0.01384985098272995
12	58	0.013809599353155233
48	74	0.013700499610622252
6	62	0.013697230405769867
7	28	0.013647948415204836
71	74	0.013644056861422504
27	30	0.01361304192268542
38	48	0.013609773066099867
34	38	0.01359981511015479
26	54	0.013558579093036371
61	82	0.013441387310949349
12	75	0.013389826940956473
25	46	0.013369416046174587
16	49	0.013360327264606509
45	66	0.01329357610295856
54	63	0.013277785061118708
12	21	0.01326756080769026
3	5	0.013215308572216089
33	53	0.013209588602151268
17	70	0.0131907385532129
7	62	0.013153288846596112
7	33	0.013095514228659871
30	41	0.013068862746735632
10	59	0.013011229619615872
21	59	0.013003966638373221
58	82	0.013000748157875483
8	39	0.012963579710108919
12	62	0.01294878227166929
39	69	0.012883541402421372
21	42	0.012846932875025474
19	67	0.012755888007994598
11	17	0.012727145157794939
9	49	0.012673428437105949
8	62	0.012671457004948261
41	81	0.012640741441624304
6	41	0.012607034919993099
1	67	0.012450927125396506
34	72	0.012372681148680509
15	23	0.0123514007738742
20	60	0.012339108181979919
26	77	0.012269088970802089
65	82	0.012259623564626537
3	11	0.012249971672406157
9	52	0.012149076506538403
55	56	0.012111437036885775
21	58	0.012107993060431366
29	74	0.012046996385071396
9	22	0.012015995533377621
8	65	0.0120148427720983
41	56	0.012006514733805318
61	69	0.011971803425283922
30	71	0.01196326847511442
5	41	0.011858341525088023
16	50	0.011811620626793196
21	52	0.011793190243305385
72	81	0.011783229631727399
67	72	0.011580949904634374
62	80	0.011551934836649513
78	79	0.01155139308371278
12	22	0.011550527251954545
7	36	0.011493755208956319
9	34	0.011442099276748996
26	44	0.011420324195060616
1	43	0.011289040808849883
12	68	0.011266443129257286
6	15	0.011256831431150416
20	63	0.011244996226419779
8	40	0.011209823723878465
57	79	0.011209012053716938
31	57	0.011174436413885158
67	78	0.011155306094995487
17	80	0.011113355541457093
56	77	0.01109861494996739
6	47	0.011087606407313821
43	76	0.011033991965869294
24	61	0.011028561888276167
37	61	0.011006054086281636
5	55	0.010981735710607898
15	54	0.01094592047002696
32	57	0.010878675135060911
28	53	0.010793443056853702
20	59	0.010693285312902145
1	39	0.010690086767423529
25	38	0.010595581934976062
5	31	0.01059317490788525
12	77	0.010553444745829643
15	32	0.010498837844029718
2	64	0.01049082114666805
35	68	0.010478432058683262
23	33	0.010460256569347237
25	26	0.010427060674682687
5	7	0.010415703714703184
11	32	0.010404667699211279
42	76	0.01039244007041662
56	66	0.010322108705511313
7	26	0.010314403886712398
5	76	0.010243488893051711
42	51	0.01016809719418188
6	19	0.010158131194997588
17	81	0.010127822282371524
3	55	0.009998632497802862
65	80	0.009969143148824355
3	56	0.009939842888144645
16	73	0.009938035821767055
18	57	0.009896783605173542
17	23	0.009824511102645539
21	81	0.009787248666701998
38	54	0.009737994381569692
61	70	0.009724623662382581
39	65	0.009648126097210052
20	46	0.009636750898981639
26	55	0.00957421394337521
49	80	0.009558498995532516
60	78	0.009555389969762962
30	58	0.009532782102435966
41	65	0.00951376513613944
11	29	0.009491077810466042
20	55	0.009480359426965235
40	52	0.00947920626748966
29	50	0.00946903546990674
6	27	0.009409190446511284
7	56	0.009380264160571083
52	59	0.009233581412270597
30	44	0.009212857575971345
34	53	0.009062107624018378
34	35	0.009057788664382782
19	53	0.00905756794174778
76	79	0.009052470084769504
11	49	0.00902370163577132
2	60	0.009005376631257167
9	65	0.009004843836965093
15	34	0.008978282022109374
21	33	0.008922964021616853
8	10	0.008847020769349512
65	67	0.008813740135936055
7	76	0.008780896717076714
31	58	0.00871528444943337
27	47	0.008672502120689818
9	21	0.008606584203777468
3	54	0.00860525020158931
35	53	0.008482889828688889
2	10	0.008392101754345627
25	70	0.008380973404283287
6	67	0.00836535679322925
2	14	0.008347528156744416
55	82	0.00830918938885053
33	80	0.008264477454986374
53	80	0.00824354979898978
76	77	0.008167472483247229
9	55	0.00816563655591973
38	44	0.008097845436187079
54	69	0.008088785119449327
49	71	0.008083884520369122
42	82	0.008031959741356343
56	69	0.008015221839893505
1	79	0.007997666065817643
70	78	0.007988449124864794
11	39	0.00798329065531414
43	56	0.007974251228974327
39	81	0.007946518843959138
1	52	0.007919312189867952
39	41	0.007883373535021165
38	82	0.007881491941022334
32	56	0.007868488778348226
68	70	0.007817961872358503
78	82	0.007661571102765136
16	37	0.007649577772967264
67	74	0.0076110263297420044
25	73	0.007604766961824327
73	82	0.0075568234367655585
69	73	0.007555201510825782
31	80	0.007501338818483472
30	81	0.007402906440091395
35	48	0.007329115379441753
57	69	0.007313512617323048
79	82	0.00727565245565337
26	80	0.007260145218713099
10	34	0.007117782107227577
16	51	0.007091253086442928
49	77	0.007090358690463261
25	78	0.0070581783374155105
31	38	0.007048053345239003
22	73	0.007036776164123126
1	50	0.00702819982290831
15	25	0.00702240008608479
57	78	0.006871938319349624
7	44	0.006870697853445545
34	41	0.0068699695065206345
54	82	0.006866872391609019
35	38	0.0068116774645445854
29	75	0.00680979940581361
38	41	0.006790610893436078
4	75	0.006767143802867415
39	76	0.006757338902134535
14	26	0.006731136930949677
22	58	0.006656620432926252
24	68	0.006655249663403362
27	37	0.006630561757158593
31	76	0.00656531139810379
18	49	0.0065145381457583085
29	79	0.0064659313986710765
2	54	0.006439395236794654
12	52	0.006416579032913039
4	23	0.0064096094714677365
23	29	0.0063661298365397245
1	3	0.0063599094490292
24	32	0.006355897630387797
16	41	0.006258644810590519
51	67	0.006234253692326969
20	57	0.0061491775890401
44	51	0.006107539892014013
7	51	0.006106563331831183
36	80	0.006049183689967985
30	55	0.005948263077118765
11	20	0.0059126955738081355
15	29	0.00588838751121179
29	34	0.005867319676672755
45	46	0.005846421327547313
19	29	0.0058409475559549895
1	22	0.005779255294632107
21	74	0.005759535261700532
5	70	0.005753485939063718
48	50	0.005676744942315376
1	63	0.005676568637711682
18	26	0.005673889485353745
1	42	0.0056712273720250506
1	33	0.005516045280241577
31	40	0.005476571395855778
8	38	0.005474323891603017
35	55	0.005437292860550613
30	48	0.005342808393717563
56	71	0.005302093869008262
55	57	0.005283330098074246
57	66	0.005267480503252986
50	53	0.005259990100796669
34	57	0.00525411278028276
5	54	0.005234186741134184
60	74	0.005203158181662448
22	36	0.005172306382993597
11	28	0.005133644078884836
14	16	0.0051259257775858325
15	56	0.005060517060511138
11	38	0.0050303251264272875
4	31	0.005025843837429433
3	49	0.005005910010954184
1	36	0.0049726582247766465
45	55	0.004951589424715186
15	64	0.004937296499402888
14	51	0.0049353242515190465
51	82	0.004933692607767076
5	63	0.004844815128493829
26	68	0.004798851947874216
42	57	0.004778485097586382
27	58	0.004643126141368914
68	77	0.004638255533596036
1	47	0.0046057817539023466
5	62	0.0045808182519476714
65	69	0.004534391793196424
25	82	0.004465249142509731
32	39	0.004432626230905068
21	36	0.00443028554657493
26	73	0.004426683320371216
22	82	0.0043471601563132845
26	64	0.00433392742543548
9	19	0.0043283754028100585
57	67	0.004207542797468877
62	69	0.0041175029001139785
7	73	0.004113726691958863
9	57	0.00403698457250512
19	25	0.004031501057146114
24	51	0.004020795961527768
25	54	0.003994318711818878
74	81	0.003941995504384899
32	63	0.0039384723641219255
41	51	0.0038702931041307287
72	82	0.0038267509656542964
14	82	0.0038263680405127842
27	34	0.003825969707519139
15	20	0.0038162733785856995
10	63	0.003766331386010735
61	72	0.0037265826589686357
5	81	0.0037207183055374404
42	79	0.0036610778244088316
34	42	0.003516428987957121
10	68	0.0034287238751206095
54	77	0.0034118551554115917
31	78	0.0033384018220680156
4	79	0.0033356875710893463
44	55	0.0033313214527985746
25	35	0.003300170408538139
52	58	0.0032494048832424904
16	21	0.00313687055054912
1	4	0.003127443546366737
41	52	0.003108163866402447
70	77	0.003093949555201869
45	52	0.0030828547000556483
24	65	0.0030639989348298924
10	69	0.002998692668510383
35	81	0.002954662813701159
47	78	0.0029112093178341736
32	66	0.0028752123445537903
3	50	0.0027166837074084627
64	76	0.0027047189861572063
17	34	0.0026911204658279786
2	80	0.0026851185340009964
72	74	0.0026695217859361575
41	82	0.002576810604488833
18	61	0.0025572571166915248
16	42	0.0025047467833628767
6	40	0.002503942091000577
1	16	0.0024742415230080556
35	41	0.0024595080742012554
37	40	0.0023975546856975227
6	29	0.002340122166845482
28	76	0.0023375204366751223
19	62	0.0023346050338465263
32	36	0.002324429790158622
24	52	0.0022556520046662643
66	79	0.0022459237831338186
3	38	0.002197279590306911
5	80	0.0021938548040397743
21	75	0.0021369294912585435
33	54	0.0020891543663233425
24	28	0.0020808502906740634
60	73	0.002032639250668433
1	29	0.0020230558424816636
11	14	0.0019412877234272763
14	38	0.0018599845713818397
23	72	0.0018397820401436782
35	66	0.0018276113754686074
59	61	0.0017321348920763535
21	30	0.001726123197213103
66	82	0.001663224221207793
24	37	0.0016560901318078969
10	64	0.0016497257511163266
52	78	0.0016446944123807983
22	71	0.001643526586367794
54	64	0.001640721938603984
11	35	0.0016172834496566146
17	50	0.0016151740720880547
1	37	0.0015990446656771462
40	59	0.0015796245316710422
33	58	0.0015727047763893776
2	73	0.0015613589164086839
30	68	0.00154292663148764
1	82	0.001426387010031234
14	50	0.0014134614157359504
1	81	0.001407325399915324
35	77	0.0013946892564005164
30	79	0.0013224172453926153
20	72	0.0012979629500012857
22	40	0.0012906176555265159
1	5	0.0012521467055454233
25	47	0.0012389494647156996
17	60	0.0011783197874692952
21	80	0.0011542975170236724
36	73	0.0010962643524308202
45	79	0.0010509561823124347
36	67	0.0009918787835978549
1	41	0.0009172390227201593
15	78	0.0008822970874630132
4	8	0.0008519527681427608
2	82	0.000836995625742451
71	81	0.0008366021865576778
10	74	0.0008100809253764885
27	76	0.000775151487187653
10	40	0.0007185193692189618
17	42	0.0007173670307650815
1	72	0.0006688074590244369
9	45	0.0006632202803225073
69	82	0.0004974213283464035
19	68	0.0004892820202688775
21	62	0.00041778718037077667
8	9	0.0003997617882700588
45	82	0.00039701231230249157
22	43	0.0003924403537271526
78	81	0.0003839047459608391
2	48	0.00034784070021023905
25	61	0.00033219835376663287
3	29	0.00028435663857218074
62	66	0.0002756190528978575
19	30	0.00015283319780945437
75	82	0.00015269224879799204
42	64	0.0001251892411555655
9	71	0.00011956772009746874
44	53	0.00011018165506415656
43	48	9.998265742464096e-5
7	78	4.365498130967649e-5
8	23	-1.619682406084344e-5
27	63	-2.8368665136280224e-5
8	81	-3.783454780359463e-5
71	73	-4.516611510624324e-5
10	82	-7.398202389227726e-5
20	31	-8.162610564788064e-5
1	30	-8.826742353146289e-5
40	57	-9.552309981730733e-5
11	71	-9.907145900833747e-5
23	32	-0.0001036224963860688
37	82	-0.00010584119251108581
28	45	-0.00014853325997343791
1	55	-0.00016851088348392163
32	81	-0.0001973395364165409
1	80	-0.0002368946489921392
25	29	-0.00024299039714492654
28	79	-0.00024958721108786497
1	32	-0.0002689099332884859
5	47	-0.0002901653916939084
18	51	-0.0002902622202833327
48	63	-0.0003327757040152701
43	82	-0.0003328506616942506
39	82	-0.00038130619355128403
44	58	-0.00038320838198901974
25	27	-0.0004136021531929712
51	79	-0.0004585197461089985
52	77	-0.0004784367164523129
4	29	-0.0005722218950611202
41	79	-0.0006330616126153932
53	77	-0.0006488966260886908
9	27	-0.0006603574567848325
11	62	-0.0006817618648687351
63	72	-0.0006893467358113914
16	26	-0.0006906342332003157
1	70	-0.0006943719437736695
5	58	-0.0007896616002446843
7	57	-0.000810728581544462
26	69	-0.000811411471628054
7	71	-0.0008425910971174566
36	54	-0.0008497439682768615
77	81	-0.0008663703440192627
46	61	-0.000938396805972519
66	70	-0.0009646805229258093
40	42	-0.0010974495326243061
21	29	-0.0011109168411598258
19	72	-0.001158600480924643
7	45	-0.001164820863039595
38	56	-0.0011841154328811054
28	32	-0.0011970900726590017
61	81	-0.0011976765023050673
1	71	-0.0012052849588313347
76	78	-0.0012365782817372883
9	69	-0.001262148023518428
47	60	-0.0012741002256718148
1	26	-0.0012879279760919793
29	72	-0.0012892165938457323
49	50	-0.001312999316834318
11	33	-0.001362102951379257
5	74	-0.0013778719181104515
42	66	-0.0014522769037774719
23	60	-0.0014657483080862677
1	20	-0.0015159820356896447
1	78	-0.0015299128529834283
30	35	-0.0015402154509639998
8	67	-0.0015525374712963558
63	68	-0.0016114957523187812
58	59	-0.0016699172976843424
7	58	-0.0017255071429088942
6	82	-0.0018146824249898746
54	55	-0.001835304716288788
1	58	-0.001873473369232062
22	35	-0.0019056336021066045
4	82	-0.0019196756351896188
9	72	-0.0019197087275457658
18	55	-0.0019296498209030455
18	47	-0.002033537080592507
73	78	-0.00209495674579685
1	53	-0.002100105104104466
28	41	-0.0021107539092976024
10	70	-0.0021346926885243422
45	73	-0.002167611148220283
33	47	-0.0023135359015555856
24	79	-0.0023438547329389103
48	80	-0.00234399390703921
23	75	-0.0023512283616399787
62	82	-0.002387209002096352
20	61	-0.0024029902449037577
24	81	-0.0024372542103520134
34	74	-0.002453157321634536
22	65	-0.0024602938443772926
60	81	-0.0024717905146163788
23	40	-0.0024963109826526275
54	66	-0.0024968357711994127
20	78	-0.0025050323187575385
39	79	-0.0025223988691543964
4	34	-0.002536310023488919
3	47	-0.0025675093275402405
1	49	-0.002572752510532253
28	49	-0.00258397126039811
9	30	-0.002612445533947405
21	41	-0.0026271418651950817
49	73	-0.00263569539846642
15	50	-0.0026562413963808207
11	40	-0.0026569559075771965
38	40	-0.002664975082352028
9	82	-0.0026950902621543926
6	51	-0.00275544071084477
58	64	-0.002785361176298906
31	69	-0.002875265333415755
20	35	-0.002900409086261102
7	21	-0.0029006317876424936
24	46	-0.002906643612553772
22	29	-0.0029354474161297217
1	56	-0.0029899575712181437
23	30	-0.0030634547506180887
14	59	-0.0030908218575989577
15	75	-0.0031364447183115374
23	31	-0.0032008518659764063
31	49	-0.0032211110915236763
4	44	-0.0032595141518934057
14	45	-0.003316245819214053
44	49	-0.003349291262402909
55	69	-0.003380604146403565
15	45	-0.0033933762821982683
42	80	-0.0034129668885575226
1	31	-0.003420660890374405
7	61	-0.003434303083049206
57	82	-0.0034580741737266774
5	71	-0.0034628244393403174
4	36	-0.0035090151666936076
18	34	-0.0035340756858734945
1	10	-0.0035658207569387035
20	81	-0.0035750290019450626
1	21	-0.0036208678890646134
30	60	-0.003708333333126035
36	46	-0.003714710592205739
57	75	-0.0037155124619407953
42	69	-0.003720857582542536
47	79	-0.003747060292766502
56	81	-0.003748832525068746
23	45	-0.0037587246096831284
42	75	-0.0038463508098423027
8	51	-0.003882037435899932
65	78	-0.003906250832249603
60	75	-0.003919754370134809
60	67	-0.003925323008998449
2	68	-0.003977821135234649
47	82	-0.004012996617357836
49	64	-0.004231504945107489
49	55	-0.004249791911415501
2	20	-0.004263922320125346
55	60	-0.004279567000193996
3	64	-0.004312089309871703
41	66	-0.0043745939289414615
7	42	-0.00440893033853626
17	43	-0.004414287922633209
10	33	-0.004427940636587968
6	53	-0.004481178037706424
9	25	-0.00456465624654856
1	64	-0.004587628585985687
5	51	-0.004600566051716604
8	60	-0.0046016903150137844
19	52	-0.0046544821171909945
27	56	-0.004670206122870724
63	82	-0.004749436832875514
31	48	-0.004758295301913851
64	66	-0.004772961225788408
50	71	-0.004779011933070565
24	66	-0.0048035181436357766
19	80	-0.004808168672932767
18	24	-0.00483617367686906
1	68	-0.004836637762332924
39	73	-0.004861168080943834
1	54	-0.004903885636224001
56	82	-0.0049644886900054586
58	68	-0.005011134301274089
3	18	-0.005014694947799603
1	46	-0.0050239987969477595
35	73	-0.005066968379197512
22	27	-0.00506789986948597
47	51	-0.005109659521051191
21	26	-0.005136115746322001
38	52	-0.005173754610945935
28	46	-0.00519134112091868
27	80	-0.005277060421415514
57	76	-0.00536133301683317
15	41	-0.0053884090690010655
22	80	-0.00540112220654132
48	82	-0.005426915785690177
21	51	-0.0054925948522847046
32	67	-0.005503847168126574
76	82	-0.005511676485192379
61	74	-0.005533076549590399
21	71	-0.005608178263677155
18	75	-0.0057188781033349345
34	76	-0.005729951612325923
7	69	-0.005772505058301319
44	73	-0.005850752725205577
47	55	-0.005851163054731434
49	65	-0.0058558908184368486
44	78	-0.00586503889716028
12	28	-0.00586671652020293
16	66	-0.0059012482160981095
60	71	-0.005906845360672042
42	54	-0.005934803562125057
20	82	-0.0059399758496115895
19	49	-0.005940331074899552
27	69	-0.005953435391561013
30	45	-0.005972535454165484
3	60	-0.005993044533531666
25	72	-0.006026949172009188
22	75	-0.00604294107630754
33	61	-0.006104047185776507
22	72	-0.006141774074863493
1	11	-0.006145510560496656
1	7	-0.0061724051304998945
58	81	-0.00629337072646835
4	20	-0.006294842815427026
18	35	-0.006331348754960664
27	51	-0.0063409872796976186
23	26	-0.0063711349926611205
1	62	-0.006414718149175561
59	82	-0.006422590732643091
18	62	-0.006429596246972369
2	55	-0.006483186898126325
5	20	-0.00654076769411005
14	60	-0.006577888703062085
59	63	-0.006586066505385124
15	61	-0.0066098410372745775
58	67	-0.0066143862623599115
54	57	-0.006635625253669564
35	75	-0.006662052799873974
23	58	-0.006694598475703251
7	10	-0.006716481143825281
35	72	-0.006728146095682952
41	47	-0.006740956193426295
16	55	-0.006816213969788043
57	72	-0.006834123469429021
43	47	-0.006885282925210456
7	80	-0.006964037147007995
40	44	-0.006992816769309851
31	54	-0.007074193650577154
3	82	-0.0070880120269588565
56	78	-0.0071390666076891485
1	69	-0.007206477185019017
1	23	-0.0072085106938369475
25	34	-0.007308472801102361
26	30	-0.007357473436221895
8	12	-0.007405581685436535
11	12	-0.007472001664561995
45	50	-0.007472258046570646
14	25	-0.007520900838457634
50	80	-0.007584534921699582
9	74	-0.007585751217739745
1	19	-0.007593930399972276
41	72	-0.007611462894403842
29	35	-0.007631785712401085
47	59	-0.0076464323370933895
7	20	-0.007654999134627777
9	63	-0.007722257326174542
18	45	-0.007726138048202547
45	48	-0.007817901520378673
65	66	-0.00786440214222861
4	15	-0.007909432684761686
13	18	-0.008023777101986401
62	71	-0.008024977141244338
51	66	-0.008039067723374815
63	77	-0.008076312789323192
49	82	-0.008086249410167806
1	15	-0.008112309520714678
42	56	-0.008118759990036417
1	25	-0.008175774798321767
25	55	-0.008225556268925405
34	58	-0.008264967087149133
1	59	-0.00827932392844792
10	24	-0.008349591242986731
7	82	-0.008416115628086064
8	17	-0.008421159199361816
33	43	-0.008583062975354078
22	41	-0.008600665814215591
6	36	-0.008631076823675976
34	82	-0.008648068741894777
5	17	-0.008649728982993765
4	58	-0.008726857432390267
1	74	-0.00876806987777895
24	57	-0.008825213235457485
7	70	-0.008825801397221
8	69	-0.00883738830802444
2	17	-0.008841772188253327
17	18	-0.008854249718260765
1	34	-0.008858045458370212
1	73	-0.008867097519311001
7	13	-0.00887240508718462
10	29	-0.00887601990075193
19	22	-0.008939910480401658
4	72	-0.008943910126089138
47	69	-0.008990248791343025
38	62	-0.009003475075365752
17	75	-0.009020322260482327
36	53	-0.009053369559626712
57	70	-0.009064203544443705
2	7	-0.009081941479799571
53	60	-0.009090107412082216
4	76	-0.009103085303413472
70	79	-0.009139699768332954
1	40	-0.009199299836727987
21	35	-0.009231250776775113
46	65	-0.009261282443948082
45	58	-0.009287127797680594
18	54	-0.00931835009891624
12	39	-0.009326237295600032
59	73	-0.009335288683050558
1	18	-0.009378017812364345
7	72	-0.009412738917463359
27	64	-0.00943738208511058
58	70	-0.009484871978595266
34	70	-0.009508043565566393
31	68	-0.00950858097762497
30	56	-0.009523273778665131
24	74	-0.00953105917803676
26	72	-0.009579007272402795
36	59	-0.00959991056394427
3	26	-0.00960456255603126
33	65	-0.009623879589432671
61	79	-0.00963931280165714
1	44	-0.00971088314508163
15	44	-0.009742204495741924
9	77	-0.00976649642957067
48	60	-0.009828372530026108
1	76	-0.009895144221400337
37	77	-0.009946449711645322
10	71	-0.009965212090695452
2	25	-0.010009772418593021
57	77	-0.01005821193138784
5	75	-0.010091208748860048
10	53	-0.010121602222653625
4	67	-0.010126387093123412
18	50	-0.010159220031754346
38	45	-0.010175540681820194
18	23	-0.01021223184353881
64	81	-0.01021619411796415
20	66	-0.01022995014133754
49	56	-0.01023031097172633
34	36	-0.01025696093023476
1	45	-0.010259605752444043
22	67	-0.010300120476865071
7	60	-0.010402260402503388
1	9	-0.010427605642605378
20	32	-0.010439791814672472
51	80	-0.010451227804434415
33	60	-0.010521485219831705
30	46	-0.010536113634252608
10	80	-0.01054031355588303
13	42	-0.010548149720101624
11	82	-0.010556780899521306
30	57	-0.01057974024181818
45	75	-0.010669355637703881
36	56	-0.010684052109181386
20	41	-0.010724881133050035
21	73	-0.010728628882353264
34	71	-0.010736632673582491
31	52	-0.010767220696242474
7	64	-0.01078127837470294
23	74	-0.010786785758342743
1	24	-0.010860391998213884
7	18	-0.010891454393310102
4	59	-0.01090143248760006
24	33	-0.010928503612067764
2	45	-0.010931037945601796
73	74	-0.01093686311187464
48	51	-0.01094431664827658
27	35	-0.010962602884297845
63	65	-0.011019294355361975
54	58	-0.011038515686064121
58	77	-0.011041892231241135
80	82	-0.01107373698711192
60	62	-0.011119326680495867
1	2	-0.011124303998315863
24	82	-0.011135961435052522
53	82	-0.011165601444735232
23	82	-0.011204329069271088
7	54	-0.011222514987795307
26	56	-0.011224332993633901
10	52	-0.011266058491165132
10	31	-0.011294632441079755
41	68	-0.01130280753879831
43	72	-0.01131661983817328
20	58	-0.011331796796116733
33	45	-0.011335867599135185
37	69	-0.011335999259886875
22	56	-0.011337055257322537
5	27	-0.01140755198538046
15	60	-0.011408208056894686
13	81	-0.011430248996612491
5	64	-0.01145095921369954
3	81	-0.011453122731983512
73	79	-0.011502759560710674
15	59	-0.0115133565458313
25	57	-0.01159338521049691
29	69	-0.01162444076016611
69	77	-0.011651050118602346
16	43	-0.01174242506966
24	63	-0.011762921099870982
11	80	-0.011795519585783232
1	66	-0.011797666565905612
36	76	-0.011828215142978493
71	82	-0.011839388157189032
35	36	-0.011854875986320013
47	48	-0.011885802963881448
75	81	-0.011893512970778342
40	46	-0.011900603809805399
47	75	-0.011903005604454231
41	61	-0.011973439740798009
2	46	-0.0119942534600056
43	70	-0.012029094381793226
37	52	-0.012048738143275006
5	82	-0.012060977922113969
54	59	-0.01211536443051664
21	54	-0.012124269291232892
19	71	-0.01214781639142637
44	72	-0.012156142689030314
46	78	-0.012181234895772941
4	51	-0.012192949552693455
53	81	-0.012241852435603662
16	82	-0.012253323528000001
27	57	-0.012291353861622945
31	42	-0.012300765286581528
71	80	-0.012313156508684697
29	78	-0.012328978460607876
29	46	-0.012330617297521496
1	17	-0.012361270471498598
48	57	-0.01237023438833329
18	71	-0.012391483741340081
15	82	-0.012420333702681946
39	63	-0.012432101187195316
58	72	-0.012460867819787724
16	30	-0.012492244200484837
1	61	-0.01252002982833103
9	26	-0.01252896380369073
10	55	-0.012580146140680037
42	71	-0.01265400780251541
10	22	-0.01267995984442527
8	21	-0.012731053251668123
1	28	-0.012739962848879238
33	34	-0.012805369787414589
8	55	-0.012825585099196402
10	12	-0.012828397165092431
12	79	-0.012828809985973855
45	67	-0.01285298753349956
15	49	-0.012853257164443521
46	49	-0.012854643686433742
65	68	-0.012867923070123188
64	77	-0.012883371015745604
17	41	-0.012910477928563147
4	25	-0.013045259944903853
1	8	-0.013065324585880375
9	59	-0.013089967378063783
23	35	-0.013100984785929803
30	63	-0.013168038869967424
50	58	-0.013195878235401026
27	82	-0.0132068422230891
26	52	-0.013331443147780453
17	59	-0.013363731015516134
19	38	-0.01339015101403862
37	55	-0.013439901628975959
32	73	-0.013445852346510634
19	69	-0.013515586745663333
53	55	-0.013567667430115948
20	73	-0.013583222628689162
26	74	-0.013584710694359903
51	77	-0.013724232215176546
5	69	-0.013810720065403792
40	82	-0.013812840342053018
17	62	-0.013881728060930465
14	21	-0.013915371908324092
55	78	-0.013918093438435641
47	57	-0.013927633478221457
20	80	-0.013938094310027793
9	10	-0.013963572325514484
17	78	-0.01396970841876477
27	45	-0.013973004373958209
6	32	-0.013995828552017808
10	62	-0.014009080466619972
10	49	-0.014010067139549331
39	50	-0.014065522756015497
19	37	-0.014082435896758894
51	55	-0.014090600530118846
45	57	-0.014106583283059249
67	82	-0.01417024872748919
3	79	-0.014172604058805993
12	35	-0.014179769937795461
1	65	-0.01426967513034301
24	30	-0.014313403711162576
7	27	-0.014331538319540676
51	70	-0.014394327107735916
29	60	-0.014434278552374225
1	57	-0.014436674610986688
12	80	-0.014439980651439144
36	72	-0.014519480631618953
21	82	-0.014534168596400832
17	32	-0.014572326792653079
32	49	-0.014580678290285864
14	64	-0.014592139246404956
19	21	-0.014595664471364955
16	78	-0.01459949492409518
48	66	-0.014603083429787445
32	44	-0.014675322259190382
42	74	-0.014719551736648462
26	82	-0.01472417832188419
2	51	-0.014743906829381592
3	59	-0.01475990677628003
54	65	-0.014861848991217452
56	58	-0.01487067378735657
7	25	-0.014872446147087826
22	45	-0.014886661018763125
23	52	-0.01496445949398223
39	44	-0.01497453452181885
14	18	-0.014994202811992347
37	58	-0.015103128484393102
31	44	-0.015107708825303878
18	40	-0.015156018608640465
20	47	-0.015235033401785447
48	56	-0.01526020628965491
44	65	-0.015290151966701748
2	71	-0.015338554605993204
3	42	-0.015366108469127226
15	33	-0.015416242536130609
24	55	-0.01542966705856419
9	14	-0.015457248354793174
19	43	-0.015471923802472087
20	69	-0.015482172726847598
39	78	-0.015482308529902011
8	63	-0.01551465676174707
37	41	-0.01552788367068686
7	75	-0.015546361334376507
68	74	-0.015558399660328626
9	54	-0.01558249772069309
16	27	-0.015615927301198262
29	41	-0.01562920178944649
46	60	-0.01564609375480891
70	81	-0.015653157549126773
46	77	-0.015733936118038916
32	82	-0.01574357119972039
23	69	-0.01576455738562582
18	44	-0.015767926114896635
10	46	-0.015774837820809906
37	64	-0.01578405382759529
69	81	-0.015805447381689708
37	70	-0.01582071951815922
26	76	-0.015855104559553967
2	76	-0.015895514343504114
55	73	-0.01589704049598306
19	82	-0.015897667356990997
27	67	-0.0159903554330752
56	73	-0.015993640384494134
7	14	-0.016005154512008693
29	62	-0.01604548208981771
28	40	-0.016104473033049405
41	49	-0.01619432936099796
7	55	-0.016217563628497356
50	55	-0.016284398608228057
38	51	-0.016322541537831026
7	22	-0.01632668479399374
7	63	-0.01635971724197452
33	68	-0.016405726680792487
41	46	-0.016457875960085855
71	77	-0.01646173561623998
43	60	-0.016491617394069957
35	69	-0.01649512783683943
5	26	-0.01649754029116579
29	82	-0.016536523805401354
70	75	-0.016606029384329313
65	75	-0.016647842536314572
45	56	-0.01666734343039067
26	47	-0.01672879609418998
16	63	-0.016735100596360797
4	7	-0.01682569441274953
16	22	-0.01685461671303884
43	64	-0.016881863894378235
3	37	-0.016893480146351003
33	72	-0.016987870214100476
46	67	-0.017033133093125152
12	73	-0.017034736250762628
1	27	-0.01719891475556233
1	75	-0.017224673003159913
1	35	-0.01722835753759229
19	45	-0.017260853276601207
7	59	-0.017302211990204486
17	82	-0.0173079934008116
20	33	-0.017325776307135388
59	68	-0.017411432681353145
19	31	-0.017412719534200427
5	19	-0.0174142798903828
32	41	-0.01741761551643972
18	22	-0.01744890398353005
35	37	-0.017535518176000797
37	75	-0.017614932116686244
23	46	-0.01762023273457869
31	82	-0.017634166622512423
26	59	-0.017670747359922134
62	77	-0.01767384528743815
37	56	-0.017730297639457993
9	40	-0.017741751244314985
14	62	-0.017761189532712413
48	61	-0.017798812238111583
7	67	-0.017815473978660887
62	70	-0.017924542408930766
15	65	-0.017942422770216293
48	49	-0.018027457731914165
40	61	-0.01805883744176351
23	71	-0.018082498811380465
43	73	-0.018085937203861646
28	75	-0.018142436193350875
53	79	-0.01818174870290118
53	54	-0.018187143156636665
10	57	-0.01819223625555355
33	38	-0.01821987437007641
45	76	-0.01823658211052559
30	32	-0.01828411473708258
31	50	-0.018335361935633954
20	21	-0.018335633928191042
11	63	-0.01836828886723857
47	52	-0.01841076076238668
58	65	-0.018451838655284603
50	56	-0.01847504060423688
2	44	-0.018602848544932937
36	57	-0.018611136286122265
51	63	-0.01862566422006673
16	79	-0.01875860303534571
8	49	-0.018819236097530334
44	67	-0.018839599050412437
34	66	-0.018883716261973715
36	68	-0.01889272078628662
80	81	-0.018909407690057445
42	59	-0.01896281065481603
10	76	-0.018969870676999734
18	82	-0.01897229318500919
45	78	-0.018976105240046226
4	22	-0.019006986341010834
33	75	-0.01901197158749507
14	46	-0.019019195067957545
30	73	-0.019022663004811036
15	69	-0.019026144759654973
39	52	-0.019026683492234686
22	76	-0.019040361335991962
36	61	-0.019041848914085335
54	70	-0.019112373576090746
22	63	-0.019112545461368258
35	50	-0.019140299872651756
62	73	-0.019146002786149974
55	71	-0.019148051205747862
6	10	-0.019204644322855013
3	16	-0.01935540499823285
10	42	-0.019372360218998907
10	27	-0.019373056922829424
29	51	-0.019445924604260867
2	40	-0.019464095382002555
69	79	-0.019484418156652028
8	64	-0.019506029677836545
73	76	-0.01952697527449443
25	74	-0.019538259551557302
2	5	-0.019540173949095685
38	73	-0.019604571912182567
39	72	-0.019663562010306834
30	65	-0.01968014823266767
71	78	-0.019697024778664363
22	59	-0.019723234070161744
47	72	-0.019795947128872782
36	81	-0.01984952575795984
6	81	-0.019861347163200205
11	25	-0.019898772708917156
54	80	-0.01992652301063136
5	57	-0.019928655471874723
20	65	-0.020111316290634118
38	72	-0.020118195239512082
5	38	-0.02018186214716222
10	47	-0.02023966512191322
5	39	-0.02024045345329456
4	80	-0.020299964887735944
20	38	-0.020302812607979615
30	64	-0.02035005015743413
48	75	-0.02064628753268971
59	77	-0.02072943583861353
26	35	-0.020780232501220186
29	40	-0.020835535028169816
69	80	-0.02085785799402351
30	70	-0.0209566739163225
60	64	-0.02099288636231733
64	68	-0.021023912444159798
43	69	-0.021056514564070372
26	41	-0.021065264021295493
12	45	-0.021076602730169813
24	69	-0.021081706141595935
5	53	-0.021099281249478685
2	62	-0.021224106462394365
35	39	-0.021231082692190595
36	69	-0.02125279310797057
20	42	-0.021260911252768744
13	27	-0.02126809304531177
3	51	-0.021294425603302636
31	65	-0.021314076597326648
16	67	-0.021323443881639897
41	80	-0.021389503187724035
20	36	-0.02145159575989042
12	32	-0.021492528204332617
11	36	-0.021510617848916502
9	44	-0.02160226542349175
33	82	-0.02162349131756397
3	21	-0.021629992428157108
12	20	-0.02165601397946315
35	82	-0.021728816064312942
25	77	-0.021729677406872594
6	46	-0.02186415156591781
12	31	-0.021883499395171147
21	45	-0.021884869037605448
52	71	-0.021888811822089738
73	77	-0.021916996954330303
30	52	-0.021995745535445754
23	70	-0.022003639354218174
26	51	-0.022043276536102607
58	75	-0.022132172292757935
52	81	-0.02214758267739747
29	80	-0.02221502550740284
40	69	-0.022234746556925256
5	77	-0.022251835793512253
45	47	-0.02236870772063948
47	76	-0.02240933376715215
24	40	-0.022424380198866833
18	31	-0.02247336614716655
13	46	-0.02251440056195861
25	69	-0.022515799507111134
16	38	-0.022520398161209487
7	38	-0.022539631040839697
15	36	-0.022552678118228975
23	53	-0.02255691235300744
35	63	-0.02260388198252189
36	71	-0.02264959316394377
7	15	-0.02270688298503032
44	54	-0.022708493796944507
9	17	-0.022742148910412485
48	58	-0.02275491281392622
49	70	-0.02281282906199955
26	81	-0.02287248015217802
10	43	-0.022945910058508545
6	18	-0.023058920865124344
4	49	-0.023063690343702925
25	66	-0.023083661525555743
15	62	-0.02309771489933632
7	23	-0.023185406577472867
46	54	-0.02318906461481207
59	75	-0.023196179247251814
54	73	-0.023226228906429114
30	36	-0.02325323500270554
3	77	-0.02330007163750142
60	80	-0.02334768356507727
39	59	-0.023369409531373286
42	70	-0.023460895850873464
35	52	-0.023518036434785117
52	82	-0.02360952337074905
66	77	-0.023652338062637224
7	68	-0.023655685029997875
40	80	-0.02369214596763436
20	79	-0.02369979613881923
5	32	-0.023700277244055656
9	60	-0.023702539129263234
16	45	-0.023861768347083256
16	32	-0.02387700459176717
49	75	-0.02390334081432366
12	54	-0.023942942491289754
12	53	-0.023966440390987498
27	54	-0.024013698563659314
23	81	-0.024027592065187342
13	62	-0.024072665261199805
11	42	-0.024076188621208416
22	57	-0.02409397544606129
9	53	-0.02412572540418506
26	40	-0.024210751687880006
73	81	-0.02421967234966138
12	51	-0.02429989200564231
12	71	-0.024332525409365147
50	51	-0.024385498430435304
15	42	-0.024421035500268196
19	36	-0.024546739091608316
14	54	-0.024551733325312186
6	21	-0.024575992094390042
12	24	-0.024579448166239914
2	79	-0.024596373117024423
11	66	-0.024638641981058362
2	63	-0.024639409174602
20	43	-0.024648565472742967
32	48	-0.024664774009960644
15	18	-0.024729543241444607
3	65	-0.02475992326400689
68	69	-0.024830379244188627
68	73	-0.02488798039294693
31	36	-0.02491564407812974
28	82	-0.024981526279770044
45	74	-0.024992650874117672
29	30	-0.024994373697205474
67	80	-0.02500837383343263
50	78	-0.02502931102723066
68	75	-0.025081988823861145
5	14	-0.025108864205545978
9	13	-0.025153838861863204
54	60	-0.025245226962865353
45	72	-0.025308595101459774
44	70	-0.025328510582231456
38	77	-0.025336672910149904
42	60	-0.02534322799371269
33	73	-0.025346018112163082
42	81	-0.02535097279711951
36	41	-0.025391892370863922
14	22	-0.02540281222237767
28	60	-0.025477649297879656
53	64	-0.025567408471454667
74	82	-0.025638338028600133
10	30	-0.02572277448801369
47	81	-0.0257865856688671
10	15	-0.025812975835031948
10	28	-0.025893710166825734
30	39	-0.025895115349440667
47	66	-0.025981831173307324
40	55	-0.02598254442325687
3	67	-0.026032599142024493
42	55	-0.026070285223359246
27	32	-0.026080053859942054
34	47	-0.026088551404960914
36	58	-0.026117429422691574
41	63	-0.026225382779629713
61	63	-0.026295743516394632
24	45	-0.026354990924225885
45	63	-0.026359200861937826
46	82	-0.026369152355884648
36	74	-0.026386437071541757
16	39	-0.026400014829217333
7	9	-0.026430903502827924
40	63	-0.02643925645706019
55	79	-0.0265097825034743
26	38	-0.026535160149552706
32	51	-0.026536998930533573
7	50	-0.02654227178641491
45	69	-0.02655391820926739
2	38	-0.026573712474261546
15	74	-0.02658238170523408
8	25	-0.026599684958962977
7	24	-0.026673070848584446
45	64	-0.026687132671471103
16	52	-0.02671381028610531
12	19	-0.02678062322112018
56	79	-0.02688110787365683
7	35	-0.026936179509570862
51	78	-0.02693965822681582
64	69	-0.026940108405481
30	80	-0.026975232996581666
41	55	-0.027075886261023863
44	82	-0.027085263636035778
61	67	-0.02708624379658292
7	66	-0.027094533238520263
17	76	-0.027129387900108548
19	48	-0.027150672337669463
43	79	-0.02726840787471349
31	47	-0.027287461169304084
15	16	-0.02743998491887617
4	53	-0.027444572724064253
25	67	-0.027474714182566473
5	44	-0.027593954455387537
15	68	-0.027613348196221854
5	33	-0.027625218809952
9	42	-0.02764030468575923
8	13	-0.02769005828609103
20	75	-0.027719633893351525
3	15	-0.027815995242926328
7	34	-0.027881409896095527
21	39	-0.027894833778847217
7	32	-0.027908559030536767
20	71	-0.02792416757944255
8	56	-0.028072484918229
38	69	-0.028110825542816298
43	66	-0.02811606684107726
16	46	-0.028206707733789638
53	66	-0.02822718124184631
38	64	-0.02828458774645276
38	55	-0.02828969552115229
13	49	-0.028358737195468692
48	54	-0.02843348453396899
34	67	-0.02843875986951222
27	71	-0.028469192031114088
19	77	-0.028485791544362593
53	59	-0.028587155025898536
18	69	-0.028686460080803666
48	76	-0.028726368037194944
23	63	-0.028804493729193192
17	57	-0.028869255913199887
2	59	-0.028880884075666913
29	61	-0.028906749557610634
8	33	-0.02893085338004109
38	68	-0.028952036548195892
23	59	-0.02897913081216147
4	11	-0.029003433460701805
25	81	-0.029089294915250086
18	42	-0.029090204169302858
33	70	-0.029138118688267545
40	43	-0.02914614193385079
34	69	-0.029175817988860653
8	80	-0.029191804233719365
46	63	-0.029257469958673454
44	64	-0.029416778833079305
29	64	-0.02950593692975101
14	57	-0.029510732098653458
10	81	-0.029522593487446347
15	73	-0.0295683383820613
12	48	-0.029582849933228877
16	47	-0.029607994318134934
15	31	-0.029686264806113916
8	61	-0.029828396477274866
2	34	-0.02984305970607476
5	6	-0.029853033720204425
44	48	-0.02985840236678558
17	44	-0.029884828632143923
32	64	-0.02989956703777874
33	57	-0.029907569798958367
63	78	-0.02993450546726839
51	60	-0.029950768417414675
29	38	-0.02995643819751248
17	51	-0.030008082385387325
34	78	-0.030055377386148052
55	75	-0.03022238232263308
62	63	-0.030235279228077894
8	53	-0.03024449209792346
10	66	-0.03026801673981816
25	30	-0.030298483332093618
65	70	-0.030303684230155115
36	47	-0.03035304333920541
14	68	-0.030542734491168483
29	53	-0.030609393960862707
16	25	-0.030613443401236173
48	69	-0.03062606723417377
28	36	-0.030678501203992514
9	61	-0.030703283804593973
38	80	-0.030704077988194134
19	24	-0.03077528391126849
31	59	-0.03081398301605731
41	62	-0.030847709497164144
53	68	-0.03086460429890714
54	67	-0.030920434817171633
62	72	-0.03111892443006148
17	68	-0.031129991412472968
30	72	-0.031136407400458865
31	46	-0.031164184215739632
12	27	-0.031206305528830025
24	59	-0.031222994554094496
44	71	-0.03132220459759638
4	57	-0.03147762726878711
38	79	-0.0314825123811919
35	45	-0.03152242953796469
4	77	-0.03155475092778931
12	33	-0.0315888167144413
5	43	-0.03159240541744196
16	77	-0.03160437693535023
62	81	-0.031643002779657425
28	47	-0.031684639089193056
50	77	-0.03177337666129204
22	26	-0.03177397924969616
43	51	-0.03178243900320099
49	58	-0.031815394875075176
52	60	-0.03182555567994855
20	44	-0.03184498716197759
27	75	-0.03185845838641688
39	56	-0.0319024356482302
30	31	-0.03195560541563408
35	60	-0.03197034760361944
50	52	-0.0321312380650825
69	71	-0.03214803680880607
43	46	-0.03218895479232964
36	78	-0.03222097480432318
45	62	-0.03240092938372263
15	77	-0.03242149920512183
54	61	-0.032425633819026745
27	44	-0.032449117592414145
42	65	-0.03246049841443782
32	80	-0.03250813917727535
4	61	-0.032580140454314566
70	72	-0.032582401769418234
39	77	-0.032602373098077064
18	32	-0.03265052222768494
12	43	-0.03271922349476686
28	48	-0.03272289317008356
50	57	-0.03276670753392574
50	54	-0.032822639880338345
15	67	-0.03283887245348471
28	56	-0.032912411151652776
12	44	-0.03291636338266973
37	79	-0.03293664114095185
14	28	-0.032937557063736606
59	71	-0.033006058394432936
11	73	-0.03301556546827078
25	42	-0.03311181688903542
5	30	-0.03316280025470819
19	23	-0.03316736642418344
19	73	-0.033285967796420346
33	55	-0.03330188453661964
9	32	-0.033359370696873225
5	18	-0.03346363281738807
12	15	-0.03347058484709853
12	61	-0.033688706484148956
32	45	-0.03382014023107305
58	79	-0.03390945830032541
8	48	-0.033969151670043524
35	42	-0.03399161963000108
27	53	-0.03401304058463778
46	76	-0.0340487300042458
28	30	-0.034066078411777445
25	37	-0.03408316272363621
4	26	-0.03408766281779313
48	72	-0.034144687130947565
35	67	-0.0341805364264785
37	65	-0.03419344109579031
34	43	-0.03419536064201023
21	46	-0.034195594241436256
43	77	-0.03420141554749728
4	27	-0.03424473838631925
4	68	-0.034294536802001785
53	57	-0.03431114073011332
8	54	-0.03438562881538415
21	38	-0.034385750367783796
23	66	-0.03440830245745091
65	74	-0.0344264305116283
6	43	-0.034449423640703886
10	37	-0.034592858962999684
59	66	-0.03460856015002334
33	64	-0.03480127401357058
3	45	-0.034892047310483176
11	79	-0.0349130727928155
67	77	-0.03498686060186376
34	59	-0.0350169683007846
2	32	-0.03510967179713559
9	36	-0.03514783485049072
48	81	-0.03517036218034286
16	17	-0.0351874294403966
20	37	-0.035198427184463366
40	51	-0.03521859494999535
16	74	-0.0353292197147021
18	68	-0.03535475560282131
9	39	-0.035398539548080254
4	62	-0.03540658007717262
55	68	-0.03541034708793456
36	39	-0.03551640970208317
21	77	-0.03554805610161482
6	70	-0.03560412881772393
60	70	-0.035674494704003856
5	67	-0.035678112767731
8	58	-0.03575324015201431
77	80	-0.0358032382264461
46	71	-0.03584909736009989
28	52	-0.036000814008869786
39	57	-0.03601873819987783
55	77	-0.03602850146016007
14	65	-0.03603549705665832
9	29	-0.03615889562348551
40	77	-0.03623210772512464
4	42	-0.036262110981549855
31	51	-0.036274941933861715
38	81	-0.03632099388871074
44	60	-0.036353687062754714
43	54	-0.03639736807199084
28	68	-0.036454053867844505
62	74	-0.03661903661370475
50	72	-0.0366791847131791
20	50	-0.03670267383121717
6	56	-0.03670751894991148
4	17	-0.03674913235185334
12	26	-0.03675988433428945
67	73	-0.036790376810267644
29	39	-0.03682937854842608
18	64	-0.03683565360600438
6	44	-0.03693042294918411
35	65	-0.03693057267509803
25	41	-0.03699886425954402
31	73	-0.03703970379279997
72	77	-0.0371539406069164
41	60	-0.03717175354687602
3	39	-0.037172527968098557
21	60	-0.03725232855822547
10	45	-0.03725935178713319
11	54	-0.03728328813491433
12	50	-0.037305602762115614
2	42	-0.037318349655864
57	63	-0.037356040315751016
18	78	-0.03740410603873112
48	52	-0.03741747043222257
4	33	-0.037461355159590926
18	81	-0.03746471751999364
49	76	-0.037503575734736394
12	16	-0.0375331747730015
6	66	-0.037621719862586445
36	45	-0.037662345317033885
7	81	-0.037708176534739596
17	45	-0.03775700115248548
7	19	-0.037775464575735634
3	12	-0.03782188282848581
63	79	-0.03783353564176084
39	68	-0.03787735130342426
49	67	-0.037887163977065874
5	34	-0.03788971472382541
49	79	-0.037915797081952696
9	51	-0.03795144567279446
25	79	-0.03802036160663064
24	67	-0.038023142340971455
19	39	-0.0380540115577942
26	36	-0.03805910523739514
6	9	-0.038059142456790485
22	74	-0.0381769867202304
34	51	-0.038234947485175586
66	69	-0.038277108636480484
17	69	-0.03828879580944522
13	15	-0.038332707819598105
27	60	-0.038356093541858205
42	44	-0.03840164160292675
3	6	-0.03846976318255885
23	50	-0.0384713216369324
10	50	-0.03847503233270677
11	56	-0.03852182962929107
22	60	-0.038556582115164884
46	70	-0.038566378640706944
5	66	-0.038575617549677865
39	49	-0.03862671804842141
12	30	-0.03879574931767049
9	62	-0.03883197181423348
6	24	-0.03883367346805644
30	61	-0.03885254878775596
23	38	-0.03886296307789183
38	50	-0.03886411233584591
14	70	-0.03886909392796056
53	72	-0.03888773868769341
4	28	-0.03891845481902373
18	53	-0.03898289882128614
8	26	-0.039031952880444476
8	72	-0.03913365711709893
34	45	-0.039169230867374005
12	64	-0.03927799451294678
41	53	-0.03938818695767743
73	75	-0.03941958163835635
28	80	-0.03951087369970463
6	78	-0.03959946163046124
28	44	-0.039607529232217775
7	12	-0.03967683458245283
19	33	-0.03972929920983559
76	81	-0.03974100359541988
6	28	-0.03975183995275683
58	73	-0.039791157131626786
14	56	-0.03982090742862687
20	67	-0.03994785123713787
6	50	-0.04001998624099892
21	49	-0.04004337179341533
27	38	-0.04008493122313378
3	28	-0.04020304488663884
14	47	-0.040243852867950625
51	61	-0.040263238218351816
14	72	-0.040286111540930564
15	66	-0.04029112584179051
62	75	-0.04037592477823382
67	68	-0.0403917241301526
44	57	-0.04046297800907217
41	70	-0.04047371740849359
36	64	-0.04052493651450695
6	80	-0.040613012043555
12	37	-0.0406752112688864
22	30	-0.040745248093430775
28	35	-0.04077692341633221
8	59	-0.04088650942830563
26	46	-0.040899732885774864
33	35	-0.04092826304351699
11	81	-0.04115595480430678
19	46	-0.04122904506718017
25	60	-0.04123462233033148
7	79	-0.04123586158134712
35	51	-0.04124798159344678
22	52	-0.04128636430954802
11	72	-0.041371382701589854
57	62	-0.0414098184865867
37	46	-0.041516211611875464
54	78	-0.04157486839312852
33	66	-0.04166019866911119
32	43	-0.041731450649497626
71	76	-0.04187831279153631
43	61	-0.04192871833670636
19	66	-0.04195386434783632
56	67	-0.042003527280463554
63	70	-0.04209605047546999
24	38	-0.04210373559048142
7	39	-0.04213684540531498
15	53	-0.04214208792713947
40	75	-0.04214887276196222
25	43	-0.04217803119100044
28	67	-0.04224100144300186
21	40	-0.04224340307810592
25	44	-0.04224402317377984
10	38	-0.042268175324438384
46	50	-0.04227895778534957
5	12	-0.04228049220705937
8	50	-0.04236414943728117
11	23	-0.042385456585906256
48	59	-0.04259209643031492
3	8	-0.04269507208223927
7	17	-0.042708001467508444
31	70	-0.04278539102608225
13	54	-0.04283445131010408
18	41	-0.04291103974735888
12	23	-0.043025351548746704
8	57	-0.0430913725338804
14	75	-0.04321877205815278
17	77	-0.043245414922886305
21	79	-0.043354597043848475
24	58	-0.04337408829274442
32	53	-0.0434551599739848
2	74	-0.04356215585225459
18	43	-0.043607737848682715
25	62	-0.04363696600477024
3	70	-0.04364804195906913
22	28	-0.0436837849653392
18	67	-0.04374379266195613
51	68	-0.043849870882327335
34	40	-0.043862756129128266
26	67	-0.04397868895461027
31	63	-0.044098335645535724
16	71	-0.04411046469376778
34	39	-0.044213003440520315
44	45	-0.04424393029955842
48	64	-0.044293249089344316
62	67	-0.04433635192128452
11	59	-0.04440343736715452
24	71	-0.04446288857256897
3	44	-0.04447963626020568
11	78	-0.0444996207106399
19	60	-0.044528259377403345
3	48	-0.044532301979519184
63	81	-0.04458392444076276
2	66	-0.04466377573857255
47	68	-0.04491846116845821
41	75	-0.04496141784964314
21	65	-0.04500041076455907
40	68	-0.045097547005867766
37	78	-0.0454273789738463
46	52	-0.04548119430565167
51	72	-0.04548620703305989
43	81	-0.04568358258311575
41	74	-0.04571020376397289
8	20	-0.04576947083867111
32	37	-0.04578904158361874
39	58	-0.04581526720441345
16	76	-0.04592678138904799
4	40	-0.04596752346277111
34	60	-0.04606199774322789
53	56	-0.046072532953957135
35	43	-0.04613795749276789
51	69	-0.046181919468682886
14	61	-0.046201773426390536
9	79	-0.04620768877068937
11	60	-0.04627364449607296
43	65	-0.04629874569558301
6	23	-0.046313327780301644
2	67	-0.046439832471106224
28	65	-0.04665577164039614
12	34	-0.04674056445164132
35	62	-0.04678611351578932
54	62	-0.04678720027204547
59	69	-0.04680107165217545
25	40	-0.046855418405389426
14	42	-0.04692045722443269
66	73	-0.04700651872763306
33	71	-0.047058416250368384
14	27	-0.04709428984784084
2	77	-0.04710201158742189
6	35	-0.04710913104577147
28	64	-0.04713156704420507
30	76	-0.047232634387822714
13	41	-0.04743341981234475
21	50	-0.047462065291296596
16	62	-0.04755070604853706
24	50	-0.047583564789976385
50	64	-0.047607049475235474
2	24	-0.047780699702121954
22	81	-0.0478244973192703
15	63	-0.04788926063475424
31	37	-0.04792288206147993
21	43	-0.04802474151378561
13	32	-0.048152142738222686
6	30	-0.04818622867530431
43	45	-0.0482204680882527
40	60	-0.048311662806611644
27	55	-0.04831171463498274
71	75	-0.04834816791959223
29	48	-0.04836165257481109
34	77	-0.048390657961603356
8	24	-0.04840553167066469
46	55	-0.04847610188784168
18	37	-0.04849902547312712
3	74	-0.04853598089402589
2	31	-0.04855539590777591
15	38	-0.04874621426640796
6	72	-0.048757085626904506
3	58	-0.04881695880899284
52	62	-0.04888716554581751
11	15	-0.04888748716569408
12	18	-0.04895824462607512
52	68	-0.048967314906515624
6	25	-0.04897906928059187
4	73	-0.04901647948563925
55	67	-0.049018415631461754
33	41	-0.04912294270344558
16	81	-0.049161173088478394
38	75	-0.04935352115378494
10	67	-0.04935552395150608
54	71	-0.04942186752459593
43	57	-0.04959279797815341
20	30	-0.04959327602378355
29	63	-0.049654751677713826
40	58	-0.049729630154985494
35	71	-0.049826663551909234
14	23	-0.04985637235246737
64	67	-0.04986916470478625
9	16	-0.049904381796363084
14	52	-0.04999945928876168
36	75	-0.050087337319634606
22	48	-0.0501335487693477
69	74	-0.0501483942861386
4	56	-0.05019307021893721
20	70	-0.05020335513369473
35	74	-0.05023705482457197
5	36	-0.05025935637713619
13	55	-0.05031812042695866
44	63	-0.05033696637895807
10	39	-0.05040030375607418
28	62	-0.05045323638107285
49	51	-0.05069474088202386
11	52	-0.050697864534120674
71	79	-0.0506993870664815
29	77	-0.05080339880400686
15	39	-0.05083762228982816
2	56	-0.05086136086143811
40	71	-0.05097311506450308
39	70	-0.0511096493582702
4	10	-0.05115450396243493
66	74	-0.05124367714983097
68	71	-0.05125942364920094
4	63	-0.05126701914887488
38	43	-0.0512910206939734
9	70	-0.05135346391709
44	74	-0.05139200974034702
53	78	-0.0514396479475005
15	27	-0.051568874625842365
9	50	-0.051580005303730525
60	63	-0.05166524513013793
19	74	-0.05173367790732675
19	76	-0.05182606253811062
13	56	-0.051863088543911195
18	38	-0.0518685465844238
4	65	-0.05188786894453684
12	57	-0.05192981741617608
29	71	-0.05210299269742019
14	80	-0.052108244651953656
15	71	-0.0521421717800542
38	47	-0.05227742884678638
21	67	-0.052300350836621795
23	48	-0.05235236430119908
2	29	-0.052390621531701764
19	55	-0.05249517304156992
63	75	-0.052522603084161956
33	51	-0.05252903878105425
24	43	-0.05256087508980328
54	74	-0.0525623912374058
33	81	-0.05273601242387399
45	49	-0.05273942564509243
17	35	-0.05276335909776264
38	57	-0.052769619142710444
12	49	-0.05278617029202104
12	46	-0.05289844399456989
31	34	-0.05297314526388919
19	59	-0.05312559619377588
51	81	-0.05316316134297916
17	67	-0.05321599612562036
16	72	-0.05337147756164312
16	36	-0.05339853427894187
17	29	-0.05340345853795059
41	67	-0.05340708423570861
4	47	-0.05350299470166803
29	57	-0.053552772169031426
5	45	-0.05358170574999471
9	31	-0.053588951687982056
27	41	-0.053634358769719226
11	64	-0.053665881908217195
8	71	-0.05367257832864286
8	42	-0.053726267014694074
29	70	-0.05372878643667678
25	48	-0.05381982141741096
26	39	-0.05387254428165819
33	69	-0.05394736382168919
22	38	-0.0540004973959608
19	41	-0.05407246132066107
18	65	-0.05412163449234525
22	66	-0.05428372396196185
5	79	-0.05428947969021852
21	47	-0.05431687312533884
3	27	-0.054354733444183734
23	43	-0.05465692948836351
2	58	-0.05467574133509806
13	66	-0.05472483355597066
49	63	-0.054850346927934446
14	35	-0.05493214059806106
62	79	-0.054947292202347175
28	72	-0.054984413378043606
70	76	-0.05502965119959913
27	61	-0.055076390681679355
69	75	-0.05508531114809223
2	78	-0.0551066270262594
27	77	-0.05514067074889428
59	67	-0.0551590167422788
46	75	-0.05517383617700189
50	74	-0.055177813546040455
8	41	-0.05523131869102893
27	36	-0.055272398370346865
63	73	-0.05528945908030908
6	42	-0.05535698900230751
67	76	-0.05552362197320165
27	79	-0.05553554850706777
20	53	-0.05557876975385423
12	81	-0.055781460038430764
56	59	-0.055881710801234274
35	44	-0.055885355032343986
52	74	-0.05589194459418728
34	79	-0.05599394401152513
43	49	-0.05607877873361922
8	36	-0.05614679302825698
12	17	-0.05631359412270592
6	61	-0.0563145684900937
58	74	-0.056342434704078126
4	38	-0.05649937151515766
53	75	-0.056501866885650065
9	37	-0.05653635645256694
31	56	-0.0566123927343648
79	80	-0.0566471722966167
69	72	-0.05668898104421283
4	21	-0.05682985259171175
14	15	-0.056843705859594806
60	65	-0.05690216752738464
63	76	-0.05690352427378481
20	39	-0.05695808210073344
38	66	-0.057133906174106075
8	16	-0.057187588471617534
29	65	-0.057333073048935534
13	59	-0.05753514999136669
6	65	-0.05770033007109798
31	72	-0.05773859532361991
14	73	-0.057763644519400636
45	61	-0.05784070520148882
23	79	-0.05785536666576077
19	64	-0.05786419673441512
4	78	-0.05791888607043488
39	80	-0.05792189726340333
49	66	-0.05795739759600882
42	78	-0.057976919809233196
13	47	-0.05798947813842224
3	13	-0.05811605552166679
3	22	-0.05814356009282223
30	69	-0.0582326374913108
8	32	-0.05830042153117332
28	57	-0.0583098816778822
52	63	-0.05838872682755586
12	74	-0.058389695112192164
77	78	-0.058392835388209385
6	75	-0.0584089756298678
14	32	-0.05843910929745966
54	79	-0.058449499005379046
36	51	-0.0585141400392471
62	76	-0.05877464928505288
13	68	-0.059016304362003724
50	59	-0.059101170783487256
13	76	-0.0592046856996615
31	67	-0.05920609969559351
24	48	-0.05923002848346384
33	63	-0.059247095578857545
46	48	-0.05925635843944352
50	66	-0.05928655999096022
23	37	-0.059297236458011215
35	70	-0.059306400721696295
9	38	-0.059321720359532815
14	20	-0.05932834741586357
29	33	-0.05933162054156066
4	18	-0.05933940766757895
18	73	-0.059388172271448436
36	65	-0.059491891751886905
58	60	-0.05949673707322384
13	73	-0.05952477390237676
50	68	-0.0595521385375124
13	57	-0.05969657835882067
40	79	-0.0597528482364178
13	19	-0.05975729299319987
8	77	-0.05977266614345439
26	37	-0.05989485839531811
49	53	-0.05993050602485139
16	24	-0.059978568889694606
58	76	-0.06013458943176658
36	77	-0.06018376243108764
34	75	-0.060205125204747856
25	63	-0.060218749900512125
13	61	-0.060252709640795654
6	49	-0.06036751295519416
20	76	-0.06060354158564074
13	72	-0.06067879628978498
43	62	-0.06073102984969794
13	25	-0.060805426219169956
4	60	-0.06102488302414555
14	40	-0.0612241778722106
72	73	-0.06129208082839277
17	22	-0.06133348504101954
53	69	-0.061363779440945204
39	51	-0.06138545799536907
12	59	-0.06152914764371881
46	81	-0.06160408192362027
31	41	-0.061842870157679475
13	26	-0.061960266685272186
13	40	-0.06202364172032823
47	62	-0.06203629196510141
50	61	-0.062052336790283824
11	61	-0.06219234187594769
5	50	-0.06243053799181353
9	58	-0.062460708443300206
48	55	-0.06266904651391658
26	62	-0.06269218713494851
40	67	-0.06271875229927731
6	76	-0.06273985282554556
29	44	-0.06279617312232993
28	77	-0.06295910728209075
63	69	-0.06306050046636696
20	74	-0.06311841940594848
22	78	-0.06316896485472734
11	70	-0.06327277404269094
19	50	-0.06342404463728613
13	24	-0.06360579851001562
33	52	-0.06364535882898897
31	32	-0.0637865038065144
13	29	-0.06384019393358421
56	60	-0.06388970032991448
39	64	-0.0640038015832958
42	48	-0.064092158606775
11	21	-0.06419017921250708
9	67	-0.06419634938025368
12	47	-0.06422307117197057
36	49	-0.06423107944881035
4	30	-0.06429462345567102
15	30	-0.06429610272794234
47	58	-0.06436428368355035
14	41	-0.06441116585814613
6	55	-0.06453542985296418
40	72	-0.06460810130046657
13	22	-0.06472091187331593
56	63	-0.06492859621232822
14	34	-0.0649790068506036
5	11	-0.0650359775816205
53	76	-0.06507041757271875
16	29	-0.0650928471645536
13	35	-0.0650958165117127
11	68	-0.06522137068120365
43	78	-0.0652784386926436
14	49	-0.0654717879525232
2	65	-0.06547354570015607
42	46	-0.06550444941555866
16	18	-0.06552256430557551
5	8	-0.0657649028750199
23	67	-0.06590363100367957
44	77	-0.06595268024149525
26	28	-0.0660089788124516
50	75	-0.06601938617098968
30	38	-0.0660295399711123
21	44	-0.06606972762482272
9	43	-0.0661152847950727
74	80	-0.06619335731777293
48	62	-0.06627989618167462
49	69	-0.06660968538802164
20	48	-0.06664719262336355
53	74	-0.0667638231019356
14	55	-0.06692070628850083
61	77	-0.06698623808277882
25	33	-0.06713307334635332
11	55	-0.06728947535454838
13	75	-0.06740338696721146
30	78	-0.06742191274145914
17	48	-0.06749438753919937
39	62	-0.06752957369939067
13	80	-0.0677234074467142
13	65	-0.06778202075749207
11	65	-0.06786312993978011
50	81	-0.06786699727583745
43	52	-0.06790109059886235
32	79	-0.06799082480330909
14	78	-0.06813018596908696
5	48	-0.06814192666558411
43	74	-0.06832671652097214
28	29	-0.06833787545653763
21	48	-0.06837534705990955
42	72	-0.06840160511279136
2	53	-0.06840367255237345
3	30	-0.06847069096525299
45	81	-0.06851262416481774
19	70	-0.06855829370683159
33	59	-0.06867603168216158
17	58	-0.06868013764121156
32	50	-0.06883216409608839
17	37	-0.068990995490392
16	64	-0.06922441111116967
19	26	-0.06926966829203152
58	71	-0.06934551865838079
11	22	-0.06953372844110167
11	74	-0.06957748522225249
3	14	-0.06972147736108394
26	79	-0.06985015847222398
31	75	-0.06990592592748823
10	48	-0.06994892917110809
5	13	-0.07018080506710153
37	68	-0.07022873037965216
34	50	-0.07039794920927739
16	54	-0.07115318310671143
6	57	-0.07116946586563266
22	37	-0.07118171984017124
22	42	-0.07118582274916746
42	73	-0.0711940826738175
66	67	-0.07120398020083593
46	58	-0.07123181814532892
18	46	-0.07123567831563354
4	35	-0.07132033992323461
36	55	-0.07139319271698735
24	70	-0.07147577290481705
8	68	-0.0716344908624797
47	70	-0.0717747485951889
10	79	-0.07178319795115318
16	40	-0.07185791718056345
12	60	-0.07205745728003604
11	76	-0.07214780005203592
8	78	-0.0726219902850968
14	74	-0.07284750631557818
2	27	-0.07284846244191195
33	76	-0.07317023849764503
67	81	-0.07317691171293314
47	67	-0.07320726523497123
44	80	-0.07323502032705431
3	43	-0.07328334879867587
30	54	-0.07331540153167593
25	71	-0.07336309303333721
50	76	-0.07339099594879173
39	74	-0.073722064303793
13	20	-0.07380877880348631
52	79	-0.07402140543100905
40	50	-0.07419885204846438
10	19	-0.07442702560408387
16	59	-0.07469415348994884
64	79	-0.0747456322897827
15	79	-0.07483051178286565
51	74	-0.07483900006350785
44	61	-0.07484693581364527
18	58	-0.07524897839407563
13	28	-0.07528327785781187
8	15	-0.0754618933624906
44	66	-0.07568321556941043
10	14	-0.07571371064049245
43	80	-0.07573507299743251
4	24	-0.07573734952484396
10	13	-0.07583152764597112
67	75	-0.07593061369569712
2	41	-0.07608549382635399
5	37	-0.07621604248616087
37	47	-0.07623441183621094
52	67	-0.07626460646095451
4	69	-0.07631733845042168
19	81	-0.07632578411129498
53	65	-0.07646535155735379
27	48	-0.0765147347529889
58	78	-0.07660910965177947
4	45	-0.07663200595938785
17	65	-0.07675406399538875
3	36	-0.07682460930754914
2	37	-0.07708449279978341
16	61	-0.07720395065036922
18	30	-0.07728346973367306
52	70	-0.07735732159014364
13	64	-0.07756075228478687
4	54	-0.07812394292345348
4	52	-0.07821461106800903
79	81	-0.07841679544752622
40	64	-0.07846721037788601
13	23	-0.07848831392503632
22	33	-0.07857781691752846
14	31	-0.07861999409669634
13	17	-0.07863561951680118
3	53	-0.07875369853094605
30	51	-0.07905202229802866
13	52	-0.07919802450054964
39	61	-0.07929922233205572
11	27	-0.07936235362469696
9	33	-0.07936525502997138
52	53	-0.0798119350471847
4	55	-0.07996555594385457
30	74	-0.08004053267391764
32	65	-0.08017760978850719
6	16	-0.08073254362577836
45	70	-0.08082588297985194
42	47	-0.08090102272224986
13	21	-0.08110338572416796
75	77	-0.08115453862600924
14	66	-0.08122956770296053
8	45	-0.0812410588807661
34	48	-0.08153240127737282
27	50	-0.08181188948098839
26	53	-0.08194401225919301
39	60	-0.08223527520975663
40	70	-0.08294672273205506
17	79	-0.08299794889615397
43	55	-0.08312207112467065
22	53	-0.08338393626220217
2	28	-0.08380780635220547
53	61	-0.08388218385386548
13	31	-0.0838914141473172
41	44	-0.08401378190889736
11	34	-0.0841124289763468
46	69	-0.08439331709072495
21	70	-0.08455519966352631
11	47	-0.08464473920129917
14	24	-0.08508361956964777
2	23	-0.08509854094685132
9	48	-0.08512268504064979
34	44	-0.08540470363348523
32	69	-0.08544773135894401
19	56	-0.0856603229015862
13	34	-0.08573027721118354
12	65	-0.08693381840903747
44	52	-0.08695337005560633
2	52	-0.0870318766701299
26	42	-0.08704580516820026
32	58	-0.08705377537164333
25	39	-0.08743779404108576
14	76	-0.087496769180329
53	63	-0.08750551834263945
26	43	-0.08753618215921069
21	53	-0.08778024840383702
11	26	-0.0879233506499929
24	44	-0.08804777113000167
27	43	-0.08837030533145254
38	61	-0.08847099902089567
39	46	-0.08860560806256834
43	59	-0.08870376413549519
28	37	-0.08931179358481167
70	80	-0.08958031279477136
13	78	-0.0896134889380629
3	63	-0.0898209438902462
39	42	-0.09003071867189838
26	48	-0.09074094051939274
37	80	-0.09091264544680722
56	70	-0.09098335655563594
11	24	-0.09123077524726153
36	42	-0.09144432278823744
37	57	-0.09149198766284433
16	33	-0.0915677164226848
70	71	-0.09201115976506044
6	64	-0.09269631277010681
37	63	-0.09297830416731745
6	20	-0.09302614986629992
14	29	-0.09405926275131077
31	43	-0.0944901921625523
58	80	-0.09508298121952746
41	50	-0.0951054222221222
46	51	-0.09540937451485593
31	35	-0.09601502640036091
6	59	-0.09608029791792794
30	40	-0.09619678974632467
68	79	-0.09645413190557761
31	39	-0.09649698475037241
33	56	-0.09652134807848095
47	71	-0.09664674275932722
44	59	-0.09689253467941156
24	39	-0.09711829879045528
27	74	-0.09731764637660095
2	33	-0.09756822954551503
12	29	-0.09793631932045532
38	74	-0.09853740663409694
22	44	-0.09903536446081251
37	72	-0.0992622050680943
16	60	-0.09940978216565255
11	75	-0.09949114997828246
25	58	-0.10063448942566788
6	69	-0.10076780969845417
32	74	-0.10139898875251574
28	33	-0.10160043601707636
46	53	-0.10266132031785208
18	70	-0.10271637323379734
37	76	-0.10283914973372565
6	60	-0.10299232137518977
17	38	-0.10308933157125272
23	39	-0.10321882747976154
63	66	-0.10432697833795451
3	19	-0.10651556170143395
44	56	-0.10788314018455553
11	57	-0.10895135584063648
29	58	-0.1095805560291973
12	72	-0.109712152556668
32	42	-0.11163436283198469
2	11	-0.11364944226191001
37	73	-0.11909720549871505
37	54	-0.1217779468165488
36	66	-0.12692621065329318
37	81	-0.12864693608022015
33	49	-0.1585668972850754
