6	18	0.45269980096031526
33	71	0.43956844660700617
60	71	0.43114132402823513
18	71	0.28403025056623843
63	69	0.27087777185529643
20	69	0.2696269991400534
80	82	0.26957943989642863
5	21	0.2606754965485904
3	69	0.25177127175804936
20	63	0.2510369605290531
65	69	0.2493164987678697
23	30	0.24528982072793704
8	75	0.24460103820113055
63	65	0.23766582537530775
69	80	0.23133087417596976
63	67	0.22461292927453633
63	80	0.22043303326996141
37	60	0.21074194982669336
18	20	0.20872659521655637
67	69	0.20832791261200623
35	58	0.20380253648288343
20	80	0.20314254538477694
36	72	0.20283480466014586
20	33	0.20245304159691238
10	12	0.20198046568323302
14	71	0.18646313770709716
3	67	0.1859790466194388
8	33	0.18561180792809412
3	20	0.18551371170737296
20	65	0.1853592342293628
33	75	0.18523778662434842
35	73	0.18284915823650194
3	63	0.17751142892316235
14	33	0.17710966121547222
33	69	0.16931686059173184
20	67	0.16905750120386487
35	75	0.16857862024699732
5	6	0.16759423099328757
12	14	0.16731339110320737
65	67	0.1669348277424688
18	63	0.16448337499905855
35	62	0.16400214702558863
33	60	0.15988059671770077
18	69	0.159780159514374
41	43	0.15142057127132125
23	69	0.15041693731592023
22	35	0.14977696283929287
2	3	0.14914849656198462
26	27	0.14807247890811492
60	63	0.1459265166949721
22	33	0.1425326807250577
6	69	0.142379552540571
14	65	0.13887618888012468
23	26	0.1385735090082783
2	75	0.1383729958038023
18	75	0.13811338676018345
67	80	0.13760485122678215
23	24	0.13736238885321916
69	82	0.13672816583698627
22	62	0.1346199423085152
60	62	0.13380636659423628
34	74	0.1327623157721931
37	69	0.1326517844675119
37	63	0.13076786853102085
20	82	0.13026004760622228
23	33	0.12762818936842746
35	63	0.12686281028393323
22	56	0.12632014703994837
8	31	0.12596068383132025
30	31	0.12329789564543026
74	81	0.12159722022360703
6	37	0.1215161779293838
30	80	0.1202294433538098
58	71	0.1195498194199901
27	30	0.11856978901725984
4	5	0.1175112439849828
27	77	0.11659395170118747
38	70	0.11518116367897008
20	35	0.11513327645053256
63	82	0.11512043550484655
6	63	0.11088357950142766
27	28	0.10983872872784972
6	82	0.10850122278885582
32	76	0.10829105624772423
60	69	0.10826681660780935
20	37	0.10758640319596482
74	82	0.10701896709516212
18	65	0.10700087153766191
35	60	0.10689324657528787
3	82	0.10507649509898356
12	20	0.1042839681477333
5	13	0.10385934955957554
73	75	0.10310676695373289
81	82	0.10194411112742396
6	20	0.10156635715948492
33	63	0.10107004235496347
61	62	0.10025334797139462
62	80	0.09994269373517167
20	71	0.09977529818750225
62	85	0.09974351220325678
20	23	0.0996275718102205
31	82	0.09847864446640464
65	80	0.09774064946526803
14	82	0.0976525697029128
5	35	0.09724852574188159
12	15	0.0969773486889719
66	67	0.09676569296018792
20	62	0.09637503829453528
18	37	0.09457795434983479
26	77	0.09450645256344525
31	75	0.09415544185135843
28	77	0.09399366282315463
7	21	0.09333845176331251
67	82	0.09333608923155268
69	71	0.09194064268082927
3	80	0.09122864511202511
1	2	0.08863234141050624
5	33	0.08796818484998675
30	35	0.08720176588328238
6	35	0.08651507296265373
8	60	0.08646464947455457
57	69	0.08467836447796348
3	65	0.08440179568134915
1	5	0.08332098908638769
17	59	0.08300976440198055
35	69	0.08238464766809261
18	82	0.08176132472340497
12	63	0.08134698802865822
18	33	0.08077487821451237
33	58	0.0806151974180932
26	28	0.08053063175878061
23	29	0.07988033726599236
28	66	0.07904422177985371
84	85	0.078627476263189
12	80	0.07839309885359041
70	72	0.07742184803216551
8	62	0.0771556852050761
10	51	0.07666951382914955
16	75	0.07639778170900602
39	43	0.07635704986774489
20	60	0.0762470901251582
18	80	0.07445524786527111
4	6	0.07423918670349117
6	60	0.07397607784184074
8	16	0.07339980152903142
56	57	0.0733885760519486
31	40	0.07326954726871343
4	73	0.0726391900243954
13	21	0.07262937427409727
39	42	0.0720299653866256
75	82	0.07193847487302402
23	71	0.07155085294342772
50	52	0.07148514784118909
35	37	0.07126975042801043
34	76	0.07015607555326675
18	35	0.06904570969735316
14	21	0.06885681581745795
73	85	0.0682197847909295
26	73	0.06734487826855362
38	44	0.06716152502116707
13	66	0.06705869929699793
1	18	0.06631976171184181
9	12	0.06618016730324222
1	3	0.06601401673742043
3	6	0.06582241198246577
15	48	0.06524762515276233
77	80	0.06503578359770193
72	84	0.06479709107970272
15	54	0.06476114183061837
2	9	0.06469875458138369
4	21	0.06469461169879709
4	72	0.06467556062725083
60	75	0.06464290577358167
5	7	0.06330455911545196
36	74	0.06320073296135842
15	26	0.062171945305441456
7	12	0.06198309123202933
26	30	0.06183779017064184
44	74	0.06169254267813723
78	79	0.06160732844249234
12	67	0.06157095265506987
5	20	0.06119929182241696
17	55	0.06105696391681048
57	59	0.06057428838148965
14	62	0.06040859824034339
28	29	0.06014246793954314
68	70	0.060141444145854484
25	27	0.059863432035316966
38	51	0.059768820874842477
25	26	0.059641254661442156
4	71	0.059454851768568906
12	39	0.05933268538677183
38	85	0.059206543755287167
48	52	0.059105294838278866
3	62	0.059103916633371945
8	12	0.05881911579651994
30	62	0.05868820471933678
35	80	0.058076363915853774
4	23	0.05750859142034698
60	65	0.05734596770993236
39	64	0.05717653619547869
3	5	0.056666580305530956
11	66	0.056645609436013156
59	61	0.05663567890429233
40	78	0.05661825564375311
53	58	0.05623195004989201
5	71	0.05578165511128952
15	76	0.05565900945372332
23	82	0.055253477907514614
13	85	0.0548103532283174
32	50	0.05461655144006006
1	23	0.05436984220785823
34	64	0.05432348870381393
40	41	0.05429828354793992
36	54	0.05422308684156807
27	29	0.05410565903231784
1	67	0.05404640842130971
17	58	0.05389541901914097
37	67	0.053725472980713646
54	55	0.05363824836123038
38	39	0.05318055040470082
29	79	0.05308342745708777
7	72	0.05278357714343185
62	64	0.05253445323888767
16	32	0.05251076715290226
33	56	0.052485123991501126
7	9	0.05243092661804166
15	83	0.05183259652363592
47	68	0.05169896987951117
15	16	0.05166542320415257
16	30	0.05164535287087196
29	57	0.05163413465351796
62	63	0.051499588918529626
29	50	0.05120091603208604
1	33	0.05109317288658782
29	34	0.05102416354503958
30	63	0.05088126039929064
18	60	0.05087677450145239
58	59	0.05056552588415991
52	56	0.050553516870675386
39	41	0.05040346799820622
32	68	0.050198768308975794
16	51	0.050099756772070014
6	72	0.050075868558494885
41	66	0.05004935751766637
65	66	0.0498973486090675
47	72	0.049771058841381444
11	64	0.04966079033269594
25	36	0.04964132879445515
52	76	0.04964038886255351
27	76	0.04946291723695906
49	62	0.049409473620134925
77	78	0.0493404740639542
36	81	0.04932576159503599
11	17	0.049140867862605075
20	57	0.04909006633809623
47	66	0.048711720703069394
33	55	0.0484973232757866
30	73	0.04844598909795239
32	38	0.048413410298891735
78	80	0.04838084195555192
7	64	0.04810151904293908
53	74	0.04786324143160814
14	69	0.04780863521934006
25	75	0.04745146727187716
8	14	0.047417326122554726
17	28	0.047349606533723276
3	18	0.04734498340834328
40	70	0.047334491697417824
36	52	0.04723650284912956
44	59	0.04718237626547661
11	25	0.047016631975572876
11	54	0.0470131689563591
49	76	0.04698994685479019
8	11	0.046965473292537696
35	71	0.04668911716181118
52	61	0.04626385666905469
49	64	0.04619879628893425
10	72	0.04609058075443584
42	48	0.046066702197850695
32	34	0.0460390439520339
52	53	0.04598911155527324
10	16	0.04595772274744858
52	74	0.04575640886518961
53	83	0.0457372880513357
21	59	0.04571532793903965
57	68	0.04567055115447438
38	72	0.045587057714855106
37	80	0.04557704496025039
33	81	0.04543574551273283
19	22	0.044979726115856766
21	43	0.044954250947485896
40	43	0.04490340685264965
36	46	0.044539564409705024
43	68	0.04442141820272305
32	53	0.04440048063254043
29	51	0.04438102482031975
3	37	0.04425813109548779
19	50	0.04415189271561826
23	63	0.044131410493579715
50	76	0.0439244818399433
34	48	0.043854567919387355
37	59	0.04383518596764846
48	49	0.04381377070332437
82	85	0.0438114172659575
70	81	0.04378294448343706
46	54	0.04371493735794851
53	78	0.043441770498656385
26	29	0.04327704785322667
34	53	0.043186319479287805
46	50	0.04313973759713141
54	59	0.042936728555124315
39	68	0.042879391391967225
13	14	0.04270147021539927
61	78	0.04268770438221803
15	38	0.04266548020200034
51	52	0.04254601140451142
25	29	0.04254445059028411
11	34	0.042499212243420015
83	84	0.04239963104282435
13	28	0.04238013391428702
13	55	0.042285806682019755
15	42	0.04225073478818353
10	50	0.04220483276656262
51	83	0.04219722256595304
46	51	0.042145656440889134
7	41	0.04201256014613053
19	51	0.04188789139125637
3	14	0.04170242661741591
55	56	0.04168209695911107
9	11	0.04161229107115949
3	33	0.041583302773331776
30	69	0.0415813300542591
46	53	0.04146612223815388
49	60	0.04103039023177635
22	85	0.04100171479548581
34	71	0.04093934663387255
48	78	0.040771886937518376
8	25	0.040716074045971995
31	79	0.04069945170488448
5	9	0.040493192500074326
61	66	0.040446600352723516
31	60	0.04034771277450311
9	60	0.04026099002747857
38	77	0.04024793483446071
42	70	0.04017041882290889
18	67	0.04012635751628399
15	79	0.04001957605484918
76	81	0.03983144577123171
7	53	0.03975823779498516
6	67	0.039682381853456405
17	43	0.03964953381568376
27	83	0.03948806285852097
25	58	0.03944245781486383
22	30	0.03938061059466458
24	78	0.039333788895995814
30	56	0.0392869709438502
22	26	0.039253409651309024
7	15	0.03924490089427973
53	79	0.03921509081016922
11	59	0.039179465185960716
19	41	0.03916274657958313
28	54	0.03898008714203316
62	69	0.03897490434411613
2	23	0.038847542457428
29	84	0.038821722853242036
33	67	0.0387145545028125
22	75	0.03863502777452377
38	81	0.03831856705180087
32	49	0.038265165635188836
51	66	0.03819993430499602
16	59	0.038195172104780795
15	24	0.03815281130842446
11	13	0.038073257419579565
42	46	0.03806246871809632
9	30	0.03800044370622707
39	47	0.03787120885007966
69	75	0.03777651864297937
3	7	0.03775134629534235
30	65	0.03773342509713637
12	69	0.03769833946193504
14	20	0.037680016255489085
4	83	0.037665557886958856
10	19	0.037662628666992326
53	56	0.03735921592772762
32	44	0.03734572294306038
34	77	0.037338344566402615
7	20	0.03731940277941209
57	76	0.03729442033624275
42	75	0.03715613124266581
40	57	0.03698714033293943
10	43	0.036929033159831204
10	28	0.036917776397082214
8	20	0.03682972604503193
46	61	0.03677103614744143
9	16	0.03669845490835666
4	78	0.03663078736792241
65	79	0.03661504750272285
78	83	0.03630404266845311
44	83	0.03629246005757053
13	31	0.03621629836014151
32	66	0.03614038486464938
47	83	0.036091494182481754
29	77	0.03600455411738834
30	34	0.03599650162936485
49	66	0.0359957436985871
16	54	0.0359839265596707
24	64	0.03590557319190524
5	74	0.035883426049858225
31	81	0.03586396480100601
55	68	0.035842842500752925
33	65	0.03577865738288924
42	43	0.03576873442237133
15	28	0.03573958366248603
41	48	0.03569848970498807
17	78	0.03565204314230208
22	32	0.035581967586511554
11	15	0.035531576312781143
28	81	0.035524490021378086
5	58	0.03550552154087411
7	69	0.035503269431041956
3	72	0.035304262982162965
24	55	0.03528004749012331
39	78	0.03523295211202909
21	51	0.035107216471694624
22	28	0.035050626728228895
40	61	0.0350319161306446
72	81	0.03499976602109289
39	48	0.03492332543132609
41	51	0.03488753803661215
3	60	0.0348781141374834
24	47	0.03484447865536944
24	42	0.03457651053849642
6	7	0.034402793079224725
56	59	0.03422818159863328
17	41	0.034182286805403195
27	52	0.03416451910173779
50	70	0.034146298303107725
4	25	0.03412883360468816
9	39	0.03401476835986239
58	60	0.034000210413549836
13	19	0.03397826013645211
8	65	0.03379654273923502
26	61	0.0337631686689252
36	78	0.033738009368970534
25	51	0.0337190181625987
33	50	0.0334519612036584
28	49	0.03340891288575998
55	62	0.033386349820041794
32	39	0.03327804686831998
11	24	0.033264624115729224
25	50	0.03322976849099618
17	25	0.03320209734024676
57	80	0.03319357008374538
71	84	0.033126264640819414
9	19	0.033016311348329
26	36	0.03301164486985492
47	50	0.03290454251145941
9	78	0.03285128226738815
37	44	0.03280800356596275
16	71	0.0327823509477832
8	17	0.03272608263212462
17	49	0.03267649339080031
9	40	0.032661319447154336
83	85	0.03265646399936312
7	79	0.03263894105673587
32	64	0.03259529115051385
37	43	0.03257819986069621
70	85	0.032467856404645334
51	54	0.032407267251217786
46	49	0.03233483312370583
41	42	0.03219311612371939
1	20	0.0321627945940043
17	46	0.03214898198790728
27	82	0.03213560197375914
10	17	0.032071400165943675
14	42	0.031961371337857813
1	63	0.031918604395530834
13	34	0.03188845978457128
68	83	0.031867190243078714
22	53	0.031816202778925384
10	49	0.031773976349167954
21	46	0.03176968579665462
11	61	0.03176616158069662
30	41	0.03173288749488751
65	82	0.031695806189066034
51	61	0.03168977176503729
64	65	0.03164900509376126
12	16	0.03162773156975551
34	54	0.0315209789178964
15	55	0.03149954426051188
35	82	0.03149407265664261
42	64	0.0314635395916521
32	36	0.03128750030752303
53	70	0.03125554958331306
29	36	0.031228714533709068
11	83	0.03120719461118865
43	56	0.031145039425655996
28	83	0.03096763314385481
54	56	0.030936508258841144
18	21	0.03091389892932833
10	48	0.030885257332815663
32	85	0.030842501905437747
41	49	0.030841126732036483
27	42	0.030755571137205673
55	70	0.030671353236198184
22	24	0.030624609419887594
41	70	0.030596167061292423
7	77	0.030569008272331666
15	40	0.030560850817170748
61	64	0.030554644493885397
46	52	0.030468599601782942
42	54	0.030460394255728995
38	46	0.03034779496882911
17	51	0.030287099514346827
41	44	0.030264825912021953
32	52	0.030228832493824076
23	80	0.03019548759797891
32	79	0.030194528636992013
36	79	0.03018858586369999
1	69	0.03015017864231888
15	19	0.030124764320931863
60	67	0.03010529203391965
21	78	0.030020658488695506
33	35	0.029895977578885735
13	37	0.029847821724579837
73	83	0.02983020391404606
79	83	0.029823688290296413
26	79	0.029772806814147013
31	77	0.029771719836039878
29	54	0.02967117680922221
43	44	0.029641279753930216
52	81	0.02961409174829288
16	72	0.029608170766233455
9	58	0.029577726863864617
44	66	0.029571869484086355
6	55	0.02955827898918878
42	79	0.029557649457068402
39	85	0.02954726737416674
59	80	0.029424318311268016
68	74	0.02940282171952635
34	50	0.029396691185531676
2	27	0.029216564038353765
55	61	0.02920219937375723
66	83	0.029186695437071863
27	37	0.02915139144325951
48	54	0.029121747910732465
24	53	0.029097976922527913
61	79	0.0290686320690689
5	23	0.02904989691180221
45	46	0.02903493358721715
19	42	0.029023425271045455
33	82	0.029005328107714334
44	64	0.029001882116269417
15	73	0.02893023184160537
11	16	0.028782115079321935
50	79	0.028752877738856875
30	77	0.02874865094727974
40	44	0.02869644191761661
31	62	0.028691913212081588
47	53	0.028672741620373976
37	39	0.028669026988480006
81	83	0.028653135237696636
44	52	0.028609636165270957
19	79	0.028446572929174352
40	51	0.028282170135937645
76	79	0.028258371957657014
5	85	0.028248266603041472
49	79	0.028244523133715727
28	56	0.028127436459145116
14	55	0.028094054399774526
47	79	0.02807985259938195
39	84	0.02807384231815091
36	59	0.02806563328274797
37	38	0.027981173554106342
49	50	0.027943268436571134
20	75	0.027925277514087327
1	11	0.02791978441452897
48	79	0.027898754576935025
76	78	0.027898454526049055
24	52	0.02787062224522696
20	30	0.027861319901970882
35	65	0.02783466676402724
4	15	0.02778945374284103
77	79	0.02776497825125762
51	78	0.027633324893439115
9	76	0.02759769862823741
23	77	0.027583974988590276
2	73	0.02756084855609342
9	44	0.027524328142929544
19	84	0.027491184525811174
19	85	0.027451795303377546
13	47	0.027328845174312666
3	23	0.027251290502486897
34	84	0.027236169217928763
61	73	0.027233720692884877
59	67	0.027229194589778072
68	73	0.02721694117538792
15	78	0.027177391239866233
28	36	0.02717709124602019
32	54	0.027147430478913548
51	77	0.027072312769152507
24	27	0.02701063595957537
49	51	0.026912081625896034
9	84	0.02685720551847981
49	53	0.02676327617059482
28	50	0.026657905671075677
52	54	0.026647276055433766
25	78	0.026626741837280532
24	25	0.02662210969376322
42	52	0.02656401712574752
27	85	0.026556215958815854
47	49	0.026468413979007843
9	46	0.02645706823649885
74	76	0.026452264137632076
47	55	0.026402843654867836
9	38	0.026401286792712475
52	57	0.02638521012686773
32	42	0.026309745777848337
16	53	0.026299915695261744
29	70	0.026275062961333362
24	71	0.02624460804166423
17	40	0.026132422383802922
38	48	0.026122966967412897
22	61	0.02606112017719453
51	76	0.025951878566867037
2	29	0.025898841311645826
21	39	0.025892996973747084
19	29	0.025888209415003083
36	61	0.02574331908664096
3	22	0.025623348900419535
31	44	0.02554720509282682
44	57	0.025527814380168212
41	54	0.02550858054402455
4	45	0.0254923769027304
39	50	0.02546660286466934
39	54	0.02546592409496895
28	64	0.02545171498343668
43	47	0.025418478713139292
47	52	0.025392769831382722
5	46	0.025301979609379077
10	55	0.02528082248329333
9	73	0.02528027751736306
12	37	0.02525541693647035
11	42	0.02524289247160727
40	50	0.02523495947057497
31	78	0.025185442975615646
19	77	0.025155823067043004
49	77	0.02512565357838248
44	49	0.02503380660288368
56	83	0.025010992508226304
24	49	0.024985550511630206
30	40	0.024979197246710494
19	70	0.024959345274301437
6	80	0.024948704306806763
75	84	0.024936498069808466
47	70	0.024909051057732223
11	41	0.02490291601117417
19	38	0.024866786527288465
41	55	0.024804720185655382
74	84	0.024792070534114696
49	70	0.024788929701619777
60	85	0.024771017518745886
57	67	0.024751425283483564
44	81	0.024750440145854646
53	77	0.02472918466078694
2	51	0.024703044229743176
8	18	0.024696277785248133
31	58	0.024656340133187404
9	43	0.024621803171579748
27	66	0.024615545844858255
17	56	0.02457777028433511
34	81	0.024522788612716562
48	77	0.024478410074056156
49	58	0.024420938311055795
7	82	0.024417436016628824
5	69	0.02441433599335463
24	48	0.024384345066149504
39	70	0.024361606922486068
40	47	0.02435960625593747
37	68	0.024262216162191652
22	78	0.024257766519294288
49	85	0.024253569889142013
41	60	0.024164712755553597
81	85	0.024086317374381383
41	47	0.02407575416177421
17	66	0.023972654572685104
17	19	0.023961577896703223
24	26	0.02394820833310707
7	52	0.023943937997051135
16	83	0.023937620065985876
38	74	0.023926532811293866
30	68	0.02391814083779492
34	61	0.02385573470553659
2	17	0.02384906772297951
2	30	0.023722227134743756
27	39	0.023677032719320812
53	73	0.02363487114919688
36	49	0.02348359893109281
4	19	0.023471315831597672
17	39	0.023455262909724106
34	40	0.023450734989707345
11	19	0.02338724296501804
75	76	0.023240272498181058
74	83	0.023224126055574668
33	38	0.023221363380135196
1	65	0.023212324682375163
10	25	0.02319494043242265
68	85	0.023174834346028295
58	81	0.023109613633632675
35	67	0.023105670847462068
15	49	0.02309710252689029
50	81	0.02307840737133643
26	38	0.023003023153424895
42	47	0.022998099312734055
13	62	0.022967566165568887
15	52	0.022902391025212132
57	84	0.022874075379219705
19	46	0.022865267086766894
57	61	0.022829606142045322
16	21	0.022826460670945514
29	78	0.02275722023893112
11	39	0.022752301740377345
24	36	0.022744058741323292
46	83	0.022707731358746652
49	78	0.022699602739417124
47	78	0.022619129117899484
29	47	0.022564199845011068
53	55	0.022508696223751012
52	77	0.022445542652963446
55	78	0.022436053261983724
34	55	0.02241005833763765
10	76	0.0223968557575695
13	27	0.022388515489896343
65	81	0.022371871535518867
51	56	0.02232630784929157
64	70	0.022272492544372413
21	79	0.022241537546379697
36	83	0.022195422189080993
70	73	0.022176420747235526
39	46	0.022143817286145284
16	56	0.022125979583796418
3	56	0.02211750469971413
71	82	0.02209970384056187
36	64	0.022051744898863357
8	30	0.022012982747679266
22	41	0.021998537886115443
41	83	0.021978901473918122
13	41	0.02197092828374897
23	27	0.021923276069374553
46	77	0.02187647456078684
10	11	0.02185221288993372
78	81	0.021851609074988565
48	85	0.021807753112708494
37	76	0.0218015514429854
16	27	0.02179852941016075
14	63	0.021788357520151985
17	38	0.0217853664660162
14	67	0.021780623131864463
38	47	0.021761477692352926
18	73	0.021755098687655017
51	68	0.021743985067145366
37	58	0.021706536025003775
47	64	0.021692580485222657
7	59	0.02161838766097901
4	7	0.021583535956810562
19	48	0.02155856824408775
25	30	0.02154887038688058
25	40	0.02149685505676102
65	75	0.021445196048803877
50	58	0.021439150191453538
74	79	0.021430447569795286
25	28	0.021428533430926378
46	79	0.021356971562386473
12	62	0.021349901115298997
25	61	0.02134620152816674
39	40	0.021319043819627792
9	42	0.021315001840913117
43	84	0.021290157020205536
23	39	0.02128384930060878
55	81	0.021229717718446284
45	85	0.0211132697924446
28	32	0.021108783533684006
22	51	0.02110873549658765
41	73	0.021097089373934397
37	47	0.02107485726030245
76	77	0.021064741282725896
17	73	0.020999244567046937
32	59	0.020996519071510622
14	44	0.020976900029258283
42	82	0.0209430327110271
8	64	0.020925764598327012
36	47	0.02091885562182716
64	76	0.02086676533229187
13	79	0.02086381086866651
16	35	0.020853288998613773
43	83	0.020852194027203452
9	54	0.020837221478934076
17	57	0.020828216072751815
36	44	0.02081992983288805
26	46	0.020778438873833793
15	81	0.02075089097814048
12	13	0.02074344376614584
46	48	0.020690264135106273
42	83	0.020667648695457008
13	70	0.02063855564374234
34	66	0.020619307876352744
25	48	0.020608841869956596
1	83	0.02056711378599177
19	24	0.020503225124735736
3	12	0.020486168240831798
58	70	0.020404840045417705
19	53	0.020370436368444433
6	76	0.0203262903237465
13	15	0.02030415206237496
8	15	0.02026925949673558
60	79	0.020261600140006275
4	40	0.020225893093104963
4	54	0.020219567124511728
26	47	0.020218332179958498
50	64	0.02021166485200132
50	84	0.020199468046995406
48	50	0.020148494458280375
4	28	0.020112795045920007
11	29	0.020110527375260923
12	76	0.020081216099030408
64	79	0.020080125288749584
49	55	0.019955128492581353
13	50	0.019863421917878932
16	79	0.019832080977334188
9	83	0.01974080498192482
11	22	0.019716455149424272
42	78	0.019708296199018094
45	49	0.01968549861854696
45	61	0.01967709518527383
36	40	0.019641090207517697
23	70	0.01959371864069931
61	68	0.01958485700081497
39	66	0.01952113871309452
33	73	0.019484060731720154
21	38	0.01946741170325611
9	34	0.01945706454979168
2	50	0.019454463600111105
66	79	0.019388554380262213
43	79	0.019380293673399274
11	46	0.019283373404069604
40	49	0.019251681277234756
7	42	0.019202106924695928
30	37	0.019197522217488272
40	55	0.019115597197493617
59	83	0.019088718844421093
66	72	0.01908710268355268
40	42	0.01900359389507761
31	76	0.018973966612597926
64	67	0.018924877252390754
2	82	0.01889647238229497
16	40	0.0188674295883714
77	83	0.018836374864941385
4	58	0.018815222298863454
44	48	0.018805528379035485
14	57	0.018772669179159873
2	58	0.01876555478760561
24	66	0.018705231401392575
11	26	0.018648488806914
40	66	0.018642828776382625
51	74	0.018602219274230558
21	32	0.01858148755118394
39	79	0.018542432680409726
19	27	0.01846250720659043
14	48	0.01837109381221369
64	75	0.018335495782739686
46	76	0.018324722896218337
29	59	0.018321057447212907
26	68	0.018319231439200057
80	85	0.018297738833564586
13	61	0.01827333485141136
50	77	0.018242452082491423
29	83	0.018195773834221107
19	61	0.018189865426081586
26	49	0.01817976178822328
7	50	0.018166608371689985
34	41	0.018129574701982676
2	4	0.01808537449690667
15	25	0.01808229335376005
7	32	0.018065555849133497
21	23	0.018022097331028997
70	71	0.017991417071618665
11	51	0.01795984011550028
5	84	0.01795596181985759
47	54	0.017924835252650928
8	69	0.017922960688046802
8	10	0.01790161609667318
48	76	0.017884782051583337
16	55	0.017855873323521287
82	84	0.017839969334859457
1	74	0.017791709726438926
55	73	0.017788323622406566
4	32	0.017750364707271038
25	59	0.017733757662524607
25	38	0.017720660695884682
4	50	0.017692608870241044
9	41	0.017685731185862363
31	74	0.017684667777983443
45	66	0.01764845454813277
53	85	0.01764815797600444
10	46	0.017618744014161192
21	44	0.017614301457509307
25	56	0.017569127466322276
76	83	0.017546169090046804
13	56	0.01752008538875849
19	81	0.017491147819142405
3	10	0.017425757439378492
36	84	0.017389828411226826
43	81	0.01738911100645396
13	17	0.017384570705169855
12	30	0.017350120666964397
46	72	0.017310968651963465
1	37	0.017256216314067804
3	58	0.017224228026049587
43	54	0.01717772450590821
39	77	0.01714775740500768
23	25	0.01712711835877495
27	49	0.01710310418214578
16	38	0.017102272666308593
36	39	0.016984585447340383
21	31	0.01697873185275095
13	64	0.016964262903115368
14	34	0.01692874069005318
1	58	0.01691303658894827
41	64	0.016865818952715772
25	52	0.01686240530401345
23	60	0.01686086120052388
13	81	0.016850605712106226
48	72	0.016829615839288548
50	75	0.016807940723987502
34	73	0.016727394879605617
32	46	0.016719201418343543
66	77	0.016713882777296074
19	28	0.01669746152666768
16	26	0.016681694122794632
8	56	0.016670966255277475
13	22	0.01663176276069883
10	15	0.016589990778270336
43	52	0.016571917782627843
35	85	0.016551396587639655
50	57	0.01655138181487109
59	81	0.01651771741787106
29	39	0.016464664229902615
46	66	0.01645752823203206
41	52	0.01639202166889342
55	57	0.016383655834527167
43	82	0.01635873383587938
14	45	0.016353846636958436
31	66	0.016329880035948263
9	24	0.016320218202441172
39	44	0.016266167234149642
19	47	0.016261981902923994
25	71	0.016226556889968213
45	81	0.016213212821466177
53	54	0.01618296428027155
44	54	0.01616308234297692
32	48	0.01615685162267716
21	29	0.016108891338106224
10	26	0.016076101936417897
59	85	0.016052346851714083
57	63	0.01604799202191662
64	84	0.016046738440478547
50	66	0.01603834979982166
17	79	0.016015091663971692
17	35	0.01597715586386389
66	78	0.015924649151168757
31	85	0.01589978761487093
41	45	0.015838913079503553
17	54	0.01582200244137122
8	44	0.01578195122020598
17	26	0.015735644276501204
15	29	0.01573090823284079
44	46	0.015674560569709062
64	74	0.01562653425466015
2	43	0.01559074756780121
41	46	0.015557581235905615
11	21	0.01554235474662824
34	47	0.015491494828513641
10	42	0.015437820320533369
48	74	0.015418207070853618
5	14	0.015403921197693349
27	35	0.015381580262804229
34	44	0.015378422868130848
7	63	0.015378367465142762
27	40	0.015307119568615024
25	79	0.015274422687541034
10	74	0.015245619543475863
45	50	0.015213941304406536
37	56	0.01509019983155524
11	40	0.01500761955615515
48	68	0.01500056547423051
61	74	0.014986560719530417
48	84	0.014983661137262572
31	84	0.014966099267234412
4	77	0.014903700933681374
24	81	0.014879819830651952
43	75	0.014879788396448268
9	28	0.014838073395311457
25	44	0.014823586035215053
49	81	0.0148030135801005
55	58	0.014785727755841638
44	50	0.014784902050356596
12	36	0.014762875093521088
28	51	0.014735316235326812
44	61	0.014716717058706752
46	47	0.014713909198245778
11	31	0.014581450329055223
67	75	0.014565010967786451
49	72	0.014548286043349512
1	14	0.014541183417422637
27	53	0.014538938522653977
38	84	0.014535697308189932
21	26	0.014434553547001683
61	83	0.014428139369052795
32	78	0.014409364244701295
9	22	0.014393358165686598
24	50	0.014388132022748745
42	85	0.014347324615501977
13	24	0.01433802703538789
44	70	0.014332171882934064
18	76	0.014274336731407822
7	40	0.014262361791490763
32	61	0.014252006913036186
18	57	0.014251441473445842
51	73	0.014178805271011063
46	59	0.014170925476500673
28	34	0.01410511679708043
40	76	0.014053686346991057
6	58	0.014035870405194106
10	61	0.01403086611150367
23	31	0.014006520184170035
13	58	0.014000831775194511
11	36	0.013973883358134043
43	51	0.01392017427218395
34	52	0.013918834383638112
4	84	0.013913848509317706
14	58	0.01387398436119286
24	41	0.013863554564665759
15	47	0.013858091382621285
32	83	0.013792068175935257
39	59	0.013773774648838777
1	7	0.013733456172644876
46	64	0.0137301538227107
7	29	0.013703213204826592
57	74	0.013695653501007432
45	83	0.013686282704527708
29	55	0.013676870216286163
19	66	0.013633515414284203
21	52	0.013626317091057216
36	58	0.013585415063453454
56	71	0.013578843032994614
14	24	0.013572386105337009
45	68	0.01352280298525238
41	72	0.013501288326974059
51	79	0.013497418534975714
3	8	0.01349219003982663
8	73	0.013490147020941201
21	25	0.013471862914732013
37	48	0.013468000435650718
13	39	0.013451437576826375
8	38	0.013445486460899936
56	78	0.013414599763238
18	78	0.013405159346716211
17	29	0.0133524217884044
45	54	0.013345774724177445
16	29	0.013326720672429904
4	68	0.013303970674575505
54	81	0.013292386355186536
15	46	0.013276795173749578
30	53	0.013270108959259619
38	41	0.013269087973188043
28	79	0.01326470777466876
60	76	0.013261588018990689
68	78	0.013192514733427696
22	84	0.01318180964188348
24	72	0.013175743334145451
6	65	0.013168648700523589
5	41	0.013158534048848702
16	17	0.01314259448774402
22	81	0.01312859450649495
12	17	0.0130555309809825
75	85	0.013051032594373402
38	50	0.0130045511779186
17	70	0.012983333529329955
29	68	0.012982369907122315
45	53	0.012938398933368317
50	78	0.012913086238071358
43	57	0.01287679072167014
52	66	0.012861642829299136
24	76	0.012845165358684796
31	80	0.012838768144766532
10	70	0.012832607640977156
22	76	0.012786681522661936
70	76	0.012778377289948684
7	57	0.012753292536340721
21	40	0.012687484846379438
19	73	0.012655199697810537
29	41	0.012640555001480924
15	53	0.01254983883698868
4	74	0.01254897425216872
33	74	0.012527608876758523
45	47	0.012507567405414172
2	33	0.012403401654801915
47	48	0.012384164272868592
9	45	0.012374453470106683
29	44	0.01232845837122748
13	42	0.01231343579826033
26	42	0.012284712129394804
22	83	0.012249188445138504
6	33	0.012234007485902199
29	45	0.012224259555770611
40	79	0.01221602130127769
16	43	0.012200425818106653
12	23	0.012143479901022824
25	42	0.012137226415722624
45	56	0.01212790016607082
2	38	0.012101434331529326
7	54	0.012054334498534991
54	68	0.012035395054438125
34	46	0.012014532603515815
32	45	0.012011804591381708
13	45	0.011986657274060286
25	64	0.011971767694045177
61	70	0.01196798869601362
3	9	0.011965983306476524
45	51	0.011950747836834447
72	83	0.011947526793525065
15	36	0.011947026310696385
2	68	0.011938908135943505
72	73	0.011908331268530581
28	68	0.011883413763094097
5	31	0.011874215469473093
2	22	0.011864849146565881
42	84	0.011845188153004726
16	52	0.011785686607462986
2	85	0.011686290811162292
21	64	0.011681426146072149
52	62	0.011646303553836168
16	25	0.011637164813913192
19	75	0.011596394099518015
25	49	0.011577291042204507
33	80	0.011555947073472822
36	48	0.011527856334786035
43	70	0.011413365716042456
55	83	0.011327023828333949
8	42	0.011314597131469761
54	73	0.011290375253326601
34	36	0.011279121645385803
4	48	0.011278662418064467
35	66	0.011244308782797086
45	70	0.0112340996267567
9	17	0.011229146917557109
14	77	0.011206314276918317
31	42	0.011178684555968765
44	53	0.011173742065009817
31	67	0.011171684060204579
17	53	0.011162695492908048
1	22	0.011156131635231104
10	29	0.011138910723118955
9	59	0.011133872940661815
66	68	0.01111688559244689
17	52	0.01111063115848987
25	34	0.011106289801357416
29	74	0.011093617969222813
13	54	0.01106212545278551
18	81	0.011045024011336169
9	48	0.011020302381739844
11	44	0.011015282689691486
26	51	0.01100644779333082
30	32	0.011001406671092506
72	79	0.010989455630877942
12	18	0.010967922833979293
26	75	0.010914494806662678
9	66	0.010886833619732583
8	23	0.010804969090546013
18	38	0.01080420976299512
68	76	0.010783671565152197
28	52	0.01075906992463549
7	27	0.010737726345695309
48	53	0.010730221293472342
41	53	0.010704987275401479
11	76	0.01063123991194137
54	78	0.010619454287872532
12	44	0.010616571028827348
45	79	0.010606806436159022
53	57	0.010549185630214397
57	73	0.010516336459752529
2	49	0.010504642281449927
55	80	0.010473535012262947
79	85	0.010473466939729448
2	74	0.010428355236275888
1	82	0.010396338953495635
25	85	0.010386088867679333
54	62	0.010368163157400967
29	30	0.010345112285217228
64	73	0.010321391329427998
38	49	0.010291965863955643
29	48	0.010261112770695024
28	55	0.01021007647491462
9	47	0.010196868189236541
2	59	0.010181392220989682
22	77	0.010170863106728045
40	53	0.010137991997339502
13	57	0.010092413449795057
26	78	0.010090865933709336
28	82	0.010053009537274893
36	70	0.010047252902303905
4	44	0.010042380515526916
40	46	0.01003347504113461
10	52	0.010023992966636641
8	28	0.010001291097636034
21	55	0.009999317888536419
42	73	0.009985884394435096
52	64	0.009887362470829941
30	43	0.009874583610923304
32	51	0.009808643324071664
28	42	0.0098012467438221
40	52	0.009767042942821935
6	51	0.00975516438062679
27	81	0.009753017676726428
32	40	0.009747396247785645
42	59	0.009741703815128955
5	55	0.009686756216894188
4	61	0.009672775459940386
70	77	0.00961903527881236
77	85	0.009609591982106702
21	61	0.009607402377632135
44	45	0.009602476624813922
46	68	0.009554931782080056
46	62	0.009513889420540322
26	52	0.009471911983551684
36	43	0.009440756781814608
5	34	0.00941674651471025
1	6	0.00939633178695043
47	56	0.009393047369625263
46	78	0.009390293092031377
22	70	0.009378065926817225
21	62	0.009372299397160055
62	77	0.009309478487215472
38	56	0.009306395070848295
50	61	0.009201569025911016
29	31	0.009180596574200728
36	51	0.009167570487666588
14	56	0.009133721896586844
43	59	0.00908474842996465
27	36	0.009083447616320739
37	57	0.009039943728720912
7	39	0.008971119670107996
27	56	0.00891836990970668
62	75	0.008864742994036834
47	65	0.008856927357856759
24	38	0.008806399521787023
40	56	0.008804419809488873
35	57	0.008748755543728504
7	17	0.00874647153941116
27	64	0.00871372706539203
39	49	0.008706724049829528
16	36	0.008634262540613058
51	60	0.008630909420143662
30	48	0.008586628732326906
16	66	0.008542379989779414
46	81	0.008538584298352359
15	84	0.00853818115589261
1	19	0.008532914668604757
45	72	0.008505481226930373
43	45	0.00850381661328431
7	31	0.008496097998177576
52	71	0.008445090836398272
40	54	0.008431749797368493
30	54	0.00841913963257096
63	73	0.008355082208420656
45	84	0.008344156707812439
19	49	0.008290673952883465
8	45	0.008208358522743625
17	45	0.00820669557462081
34	56	0.008188067487095552
45	59	0.008186868266368247
40	45	0.008153434133128856
2	46	0.008047108258746716
71	74	0.008009729908599439
81	84	0.007992590977223935
41	79	0.00798115728934512
17	50	0.007959020267625627
68	84	0.00794828805604908
37	77	0.007924329056650248
47	74	0.007854820005104679
23	84	0.00784169523906178
14	15	0.007832328605003824
4	79	0.007800483601799524
27	78	0.007794256223208007
14	32	0.007793071769138404
34	70	0.007777878905050051
68	79	0.007774450092287
11	43	0.007714173812413017
23	64	0.007706831984104101
7	55	0.007693661673884522
38	40	0.007676302788676481
2	69	0.007589993913748955
45	57	0.0075793406114552375
25	53	0.0075009455243476575
24	39	0.007495598897437394
42	76	0.007493433984196163
52	78	0.007443149927257087
39	72	0.007441561536841224
34	79	0.0074415012433931005
48	66	0.007420209617713613
21	22	0.0073956215100594025
4	29	0.007392374946839642
45	76	0.0073821566163778385
18	45	0.0073770808053465475
6	40	0.007375431857008119
16	61	0.007371491373931616
72	85	0.0073623482424221565
32	43	0.007355693776939343
16	44	0.007350749747497276
11	35	0.007348408117455796
13	68	0.00733047667329928
10	27	0.007305349199918598
23	55	0.007291516234894935
28	84	0.007281392927752428
3	4	0.00725708482745463
24	84	0.007234136760438659
25	66	0.007200285683167829
50	51	0.007199903065088886
2	13	0.007183527356184549
19	34	0.007130096115228468
40	60	0.007107851808628107
46	57	0.007054083518852616
27	46	0.007023618303306778
40	85	0.00701379007417291
11	49	0.007001204862010446
39	45	0.006910731735619513
21	28	0.0068536485173119055
16	22	0.0068527046890349275
54	83	0.006849092749073971
36	37	0.006831443622666078
70	74	0.006821774429678185
44	51	0.006793808826788261
51	84	0.006770166444015957
17	85	0.006735045316442589
58	61	0.006689615466441701
10	44	0.006671880451197876
65	84	0.006650540400228028
19	39	0.0065869457799817566
7	78	0.006525781941611297
15	77	0.006497150458469769
29	61	0.006428816479437494
56	76	0.006417086631724078
25	68	0.0064100532242171715
22	23	0.0063747213411833314
50	53	0.006373602595997452
8	13	0.006366842527456895
1	68	0.006350730994398451
25	32	0.006307768241770817
2	32	0.006283846611243371
64	81	0.006281521367576481
36	38	0.006277245488094885
2	19	0.006256254625564173
26	45	0.006252249623842299
7	44	0.00624408269073784
36	77	0.006196114519170681
12	72	0.006172873426393999
11	68	0.006147818836374386
8	72	0.006142947513392227
59	70	0.00611857003601235
52	83	0.006056335981438732
22	79	0.006016126472833616
16	46	0.0059931773817887835
43	65	0.00599040240481527
73	77	0.005968496618640906
36	45	0.005952976831608947
8	74	0.00594361651893216
42	45	0.005827043540337057
66	73	0.005815870463868222
16	76	0.005809666029476024
19	26	0.005782333853142141
58	83	0.005753713950603367
8	81	0.005730481300923351
29	42	0.0057158602049626195
4	59	0.005690254603320066
22	50	0.005681903826163348
2	84	0.005667404990987501
73	74	0.0056482912889124215
40	64	0.005644045109640339
1	72	0.005641517874298008
66	84	0.005625337405999076
34	39	0.005612142617585025
21	45	0.005579703384369028
32	84	0.0055518537477250995
6	31	0.00555059323658591
26	64	0.005546941895886004
10	34	0.0055403524723222075
51	57	0.005524948931147078
69	73	0.00551940141065943
25	83	0.005497382423399977
11	52	0.005474019720182799
43	80	0.005455944165728949
55	76	0.005451300487826771
27	34	0.005413397990519819
29	72	0.005388169686662947
44	76	0.005382984066183871
50	72	0.005334377853758343
10	41	0.0053308081754970815
27	47	0.0053237341581902076
79	84	0.005316852592020083
54	74	0.005316360314349122
15	45	0.0052874956832744124
57	72	0.005195048922841838
38	79	0.005192227468917732
24	57	0.00518579944222447
14	80	0.005182063690814531
61	75	0.005174084019672953
19	35	0.0051724572281916514
21	24	0.005163204235049568
15	50	0.005130217906866186
12	56	0.005117821037608772
3	35	0.005113017717403023
32	81	0.0050657189787226
59	69	0.005020748485574322
41	78	0.004989247939072072
4	41	0.004957849078441379
30	66	0.004955458619623876
35	56	0.004952094230924464
68	75	0.004950664662810689
27	73	0.0049440193201212845
15	17	0.0049355398178391185
13	29	0.00489909341619893
48	70	0.0048563072556830345
14	43	0.004850447823620485
27	38	0.004847103150874832
33	41	0.004845517091699836
43	55	0.004844233067886006
4	56	0.0048327300261155615
57	82	0.00478438392437161
6	43	0.004739536685738954
48	55	0.004729607585974793
12	58	0.00470956411544593
43	49	0.0046337703037315214
11	53	0.004624092920895995
25	54	0.004591574171104118
17	47	0.00455757536940421
28	85	0.0045535750954967535
16	39	0.004553263850576972
4	34	0.00454122479792296
41	57	0.004536967693926919
27	79	0.0045335813522368595
7	83	0.004503801859333134
31	36	0.004441400460908129
13	25	0.004426677989395944
39	75	0.004426135611970916
24	77	0.004424888372959845
10	14	0.0044113656803425605
17	61	0.004388229678991884
45	55	0.004370815957916219
37	49	0.004367479286951803
7	76	0.004345562600010899
7	10	0.004286210045726768
24	70	0.004271793731147944
1	26	0.004257442289279628
11	48	0.004242031186736384
20	58	0.004231314261655822
19	25	0.004227405000860662
34	43	0.004226277463499906
54	61	0.004187705478957027
46	70	0.004143336490710581
8	61	0.004138408568125085
22	42	0.0041225522940593895
11	12	0.004065460421022182
61	84	0.00403892435560127
8	9	0.004018087002796822
28	57	0.004011049103532394
4	55	0.004006462647996589
28	74	0.0039923453064488745
9	79	0.00398871112149074
10	54	0.003949082583407648
66	81	0.003905990196417186
63	77	0.003900132249295668
50	54	0.0038520676480500726
77	81	0.0038431616925225787
55	59	0.0038333601966318853
10	38	0.0037966533832688443
72	78	0.0037869078151149815
21	37	0.003765017481210997
27	50	0.003761568689481354
31	64	0.0037142802744837278
1	56	0.0037107787343012566
7	68	0.003703705755134845
40	68	0.0036840731340605504
10	30	0.0036695613971356456
56	68	0.0036550485783754527
37	40	0.003645325398173971
6	16	0.003563606418216847
53	76	0.003539588118660675
3	52	0.0035341941166452673
34	38	0.0035230728485236007
13	38	0.0035018382964986383
59	68	0.0034973028193380773
47	57	0.003487269554556527
9	68	0.003482873805467135
41	85	0.0034652146135278894
24	34	0.0034634047057098827
45	52	0.0034605789802749365
7	49	0.003390535552287688
19	44	0.0033714744540250807
15	59	0.0033550669933286037
45	78	0.003355010819672516
4	11	0.0033295248197879324
60	68	0.0033136924148904345
42	51	0.003297641535508433
43	58	0.003275909825514678
45	65	0.003275399516334321
19	58	0.003270775935631798
24	32	0.0032692679116333445
45	58	0.0032672123055665914
31	33	0.0032365228481840425
19	68	0.003208830857498346
34	85	0.0032003298011039627
44	56	0.0031567798895482113
23	28	0.0031184801314927957
2	79	0.0031110148145404026
29	85	0.0030868415858225084
26	32	0.003085345202381906
46	56	0.0030790822888653313
64	68	0.003054421365547011
44	77	0.00305058274189135
4	51	0.0030475163133146244
17	36	0.0029774015400416687
31	32	0.002951137245628621
5	27	0.002862270399137057
39	53	0.0028060567344534437
15	51	0.0027808863268328765
4	8	0.0027548835384161863
24	85	0.0027349627981569924
1	21	0.0027307124582956754
9	51	0.0026346320200510975
41	59	0.0026051617370061453
7	19	0.0025687673437770897
9	21	0.002547352232106337
4	42	0.0025012648921609593
33	52	0.002451341723115008
48	59	0.002382710653415998
59	66	0.0023340489632283634
52	70	0.002330110688854692
25	77	0.002321749726115707
28	45	0.0023040369330409594
19	32	0.002278520352028024
49	59	0.0022676862759701266
52	68	0.00224977230633322
16	84	0.0022482022593049433
9	64	0.002231100199630298
2	83	0.0021906957243179592
40	59	0.0021629351283956044
11	73	0.0021460693409505738
10	53	0.0021384829869131594
4	66	0.002128966008836941
34	45	0.0020380442132796606
31	47	0.0019971347208423418
51	70	0.001972083493920085
11	47	0.0019713016778157844
10	45	0.0019625050895806517
9	15	0.001950575374534469
42	55	0.0019041233168096694
51	59	0.0018956150127470428
7	28	0.001870546420096486
24	46	0.001865767927649975
16	18	0.001864795935602015
23	78	0.0018399444530777798
68	71	0.0017638994082612158
38	78	0.0017580375712293872
43	46	0.001684980433949268
45	64	0.0016242926233832333
47	59	0.0016219404357010747
7	80	0.0015880646678511356
49	68	0.0015849719891731784
5	56	0.0015684785675028623
28	47	0.0015607547800047805
26	56	0.0015409762093007706
19	72	0.00153532850321364
45	73	0.001525787959156727
27	70	0.0015074402303544288
19	40	0.0014916257033568137
36	41	0.0014811365156081613
59	79	0.001465576814960512
10	36	0.00146196215193517
33	68	0.0014421242472225093
4	85	0.0014075656079726162
19	36	0.0013964573682661574
28	44	0.0013922312212987231
39	55	0.0013878216617833616
21	49	0.0013762215750730555
24	54	0.0013339778404534708
59	63	0.001325514947250389
30	58	0.001304165167843263
25	46	0.001273623421616632
56	61	0.0012704099383770706
38	52	0.0012415650785374543
68	82	0.0012171733962327291
44	84	0.0012139985124223207
18	43	0.0011417682721195088
31	53	0.001114816501325
49	56	0.0010897832361702053
9	55	0.0010793618929301196
31	46	0.0010590011697407253
16	50	0.0010569666044936699
30	81	0.0010432414265312828
64	77	0.0010384495163355267
26	66	0.0010319420294047643
12	82	0.001031485009287486
5	47	0.001015821372640724
5	29	0.001014518773965134
5	42	0.000986139838822897
13	46	0.0009859270124054076
77	82	0.00096886279635644
55	77	0.0009572086655661449
58	78	0.0009276585951868976
22	48	0.000926420649006443
15	43	0.0009229047506574273
7	38	0.0009153169284123464
43	78	0.000914327545526672
9	18	0.0009074968182985477
64	83	0.0009017669217206703
19	52	0.0008698914066794239
1	80	0.0008424107092388639
19	45	0.000835411447747042
10	79	0.0008324530782554129
3	75	0.0008317900045472504
2	10	0.000827133881930564
11	38	0.0008008951704684408
17	68	0.0007769682000369205
49	83	0.000761862159117499
65	71	0.0007612626348684481
16	34	0.0007526148189438975
53	66	0.0007376502163266574
56	63	0.000688605840856088
48	73	0.0006548101744025536
53	75	0.0006191533135622151
38	42	0.0006164050222060569
9	61	0.000578821499875759
26	76	0.0005615408623396712
25	73	0.0005207216600558451
1	66	0.0005057901881636295
24	31	0.0005049850857757332
40	77	0.0005028474643143377
59	84	0.0004973748903018826
10	24	0.00048818584230853057
33	84	0.00048407456817212147
39	81	0.0004764897239814547
19	55	0.00046587127405578466
10	23	0.00044116626257567626
51	53	0.00042035067222306877
10	83	0.0004146543732985175
26	74	0.000411219321368117
50	55	0.0003846743014625509
54	70	0.00037384473329005186
44	47	0.00036338185623230324
2	66	0.00034763944894977694
25	55	0.00033510863001867675
47	51	0.00031623293936428043
27	45	0.0003124728424498957
31	72	0.000295723766014111
29	76	0.00027631493333668544
13	52	0.0002590975496639114
10	47	0.00025140670885431815
29	46	0.00020813191642199413
42	49	0.00018864249286132395
48	51	0.00016199989298659734
44	85	0.00013289570637792236
42	62	0.00011074476057193472
55	64	9.407657675436498e-5
8	51	6.724233802607449e-5
62	70	5.4826580983324824e-5
29	53	4.5344751138709505e-5
67	70	6.595030385192491e-6
43	73	6.406908941158918e-7
75	78	-2.8332049749890675e-5
56	81	-4.4340449467494825e-5
44	73	-4.717226352635162e-5
37	72	-0.00011267620825194946
32	47	-0.0001627726285367559
22	66	-0.0001668579541684867
13	84	-0.0001714246336224634
10	84	-0.0001740640556389117
16	42	-0.00018349808243428578
2	56	-0.000189068981490903
10	77	-0.000195163135846943
42	58	-0.00019709213340401988
11	55	-0.0002143251063481122
11	74	-0.00022638975152688978
4	30	-0.0002264441488768476
13	26	-0.00024991122525286347
77	84	-0.0002553372961720535
2	48	-0.00028547993307465047
46	55	-0.000310351147508936
30	33	-0.0003323168061576953
72	75	-0.0003408213228386914
8	53	-0.0003904239002631704
5	43	-0.0004339020547717287
64	85	-0.00044270213084701693
9	25	-0.00045028400445612515
50	56	-0.0004776996542190659
7	48	-0.0004900336373185321
70	78	-0.0005158151442868908
53	72	-0.0005254537647220725
41	84	-0.0005327666046168189
68	77	-0.0005535706313055666
19	59	-0.0006082989841200703
17	81	-0.0006123435475738348
23	38	-0.0006476394699273524
1	75	-0.0007079784716544357
51	85	-0.0007304589008446105
59	76	-0.0007444070212623832
70	79	-0.0007618679944775275
7	61	-0.0008095736529092901
58	80	-0.0008156850511181479
7	45	-0.0008393453011508178
5	32	-0.0008832948194298917
47	81	-0.00088667238354323
48	57	-0.00088825783826596
31	34	-0.000905259816593118
72	76	-0.0009255087398308826
34	68	-0.0009419405080997034
17	80	-0.0009665219575279438
9	81	-0.0009780365446151462
42	74	-0.0009866986953445123
68	72	-0.0009951310973058125
22	45	-0.0010290471199820295
13	48	-0.0010488654652660023
74	75	-0.001094472951846781
66	85	-0.0011253556645500762
49	61	-0.0011608925428223116
30	61	-0.0011642363883551665
16	64	-0.001166249813755349
22	29	-0.001191934553210039
36	42	-0.0012010306024511919
12	31	-0.0012180699411884488
59	72	-0.0012482342640423028
61	85	-0.0012947800009783794
4	65	-0.0013119352632645631
71	81	-0.0013678055559392388
1	30	-0.001368666537740093
37	82	-0.001405503694251048
82	83	-0.0014203568179138593
1	81	-0.0014289375232748314
45	48	-0.0014424313242685505
26	50	-0.0014622562354066337
4	39	-0.0015130706845012387
6	61	-0.0015263764969616345
1	35	-0.0015304292842299727
39	76	-0.0015352361572730788
6	8	-0.0015545286363725097
28	78	-0.0015769620391133943
3	53	-0.0016516654778199469
9	31	-0.0016772999991239157
21	81	-0.0016886526504614752
37	46	-0.0017724470238764112
34	49	-0.0018353186372246921
56	64	-0.0018638502789962152
17	22	-0.0018644785773833106
1	40	-0.0018929767019230104
9	62	-0.0019001008431246968
8	84	-0.0019055269724967405
10	85	-0.001912399036211876
21	76	-0.0019157674404393643
6	74	-0.0019330733350554907
28	38	-0.0019366886899844782
8	59	-0.0019406693473562608
32	73	-0.0020029301462564653
21	47	-0.0020112980896269117
26	43	-0.0020139127735689932
22	73	-0.0020270243634447627
32	70	-0.0020297110027622245
59	65	-0.002033917966375892
2	81	-0.002034161296668724
14	61	-0.0020356363741583228
31	38	-0.002039954224805074
10	65	-0.0020529267066534407
74	77	-0.0020592167869782907
11	70	-0.002064234633895712
22	36	-0.002069081706873477
43	64	-0.002089931669873424
47	61	-0.002095099321826943
3	26	-0.0021388426920529724
26	83	-0.0021883243674305497
51	55	-0.0022118304112033194
58	82	-0.0022203087697918455
10	56	-0.002240620983464392
17	44	-0.002242002419195477
25	81	-0.0022518081090739384
28	48	-0.0022540867657370733
50	68	-0.002260878710359737
46	73	-0.0022709242488133663
4	16	-0.002294533063211035
15	30	-0.002390705723938069
21	72	-0.0024195273645643556
11	50	-0.002440408526465876
35	72	-0.002443343876720794
9	74	-0.002447917952815404
40	72	-0.0024684970574805343
44	79	-0.0024685911604380717
11	77	-0.0024742691264294514
28	80	-0.0024949625396941955
11	84	-0.0025583847615142097
76	84	-0.0025656098274181027
44	78	-0.0025872255339797756
28	76	-0.0026119507268322906
40	74	-0.002623469949721513
4	46	-0.0026597597636588977
1	57	-0.002681202507077707
19	76	-0.0027111047595122506
4	10	-0.0027405591303513166
40	58	-0.0027487852825227033
32	74	-0.0027659786120750596
49	52	-0.0027782347635952886
27	60	-0.002849887714966526
57	79	-0.0028842415710977343
14	64	-0.00289147798217837
10	57	-0.0028921826017558327
24	40	-0.0028956653718673064
5	53	-0.002908766250020789
1	12	-0.002914463667365752
34	72	-0.002924628052442202
7	24	-0.0029370515272846287
19	37	-0.0029602845355010676
54	77	-0.0029758067105208896
34	51	-0.0029985195499999673
26	37	-0.0030213664247532024
17	83	-0.0030535084145288383
23	42	-0.003061985814604651
79	82	-0.003065049835941136
19	64	-0.0030651795997266307
12	47	-0.003074586400493018
46	84	-0.0030923262885860225
26	44	-0.0031038268203408825
22	68	-0.003108291944251995
22	59	-0.0031125275976780498
12	25	-0.003142966663873703
49	54	-0.0031526172042708467
39	52	-0.0031924703109420527
38	71	-0.0031977478683571925
57	65	-0.003210407099301843
24	29	-0.0032528333198471038
31	50	-0.003268099303955496
37	64	-0.003277531690448976
56	70	-0.003300826180541061
21	60	-0.0033867960911950212
7	46	-0.0034446207691058994
27	32	-0.003457929772452961
26	59	-0.0034852919600620313
28	46	-0.003495186879577339
4	64	-0.003556252985755126
2	34	-0.003585988655572969
8	83	-0.0035895993970868068
25	41	-0.0036037118012587355
2	21	-0.003629807422993292
63	71	-0.003656302393199279
28	75	-0.0036754465275021797
23	48	-0.0036809878736322466
32	41	-0.003718617567243787
74	85	-0.0037279777694479987
15	27	-0.0037414647004161417
1	25	-0.003745415337130492
15	57	-0.003799314483462546
8	50	-0.003808208984306616
25	76	-0.003813768731958489
2	47	-0.00384306899439113
54	76	-0.003851426863513918
12	70	-0.003908344566710631
42	56	-0.003910610035898321
16	24	-0.003953445937405264
64	71	-0.003982238141981231
13	36	-0.003985140195240211
13	83	-0.003999760486859905
14	59	-0.004039126496030387
42	61	-0.004085891802277475
48	58	-0.004093279649902859
41	58	-0.004122352289582409
17	42	-0.004170237314396863
38	58	-0.004176504026087602
25	47	-0.004197269094131317
38	61	-0.0041999344765631386
39	83	-0.004201509624087552
2	78	-0.004203239313515017
2	26	-0.004241459161468508
5	19	-0.004249299508856275
12	51	-0.004338996703841358
15	64	-0.004349647287942349
51	64	-0.004410655209256542
41	81	-0.004416183736364487
61	76	-0.0044747432186090785
60	82	-0.004494610772160346
4	47	-0.004534402143389404
23	44	-0.004535921662707665
43	85	-0.004542308154250663
15	34	-0.0045721458873810294
23	67	-0.0045937410617583885
73	80	-0.004597307874103368
16	58	-0.0046155852990796276
12	74	-0.004619750986885607
45	74	-0.004641567637789251
49	84	-0.004665817536404326
38	59	-0.004684048657757733
2	31	-0.00472443730119565
1	4	-0.004737530702588838
48	63	-0.004738807945528639
79	81	-0.00473929822492869
56	84	-0.00473953201500571
27	54	-0.004806481753469316
1	51	-0.0048069027374611495
28	43	-0.004821958063216558
57	62	-0.00487447271837782
58	79	-0.004885879269184934
18	74	-0.004910136218160555
28	40	-0.004915515838314288
38	76	-0.004917065270566456
24	58	-0.004922142002876828
1	78	-0.004948126172590356
2	25	-0.004970589668273129
15	72	-0.0051131224718549695
42	77	-0.005125904245496471
57	78	-0.0051546289558988545
28	53	-0.005196684347358316
5	66	-0.005201296261622634
17	24	-0.005229373000174731
12	27	-0.0052431315390387145
43	67	-0.005253451218302202
5	76	-0.00525384154483316
31	55	-0.005275174865749188
27	48	-0.005304571292727378
4	57	-0.005311671815124708
55	74	-0.00532141079755144
34	42	-0.00533549135171052
41	62	-0.005370115434212119
70	83	-0.005372461795063843
6	70	-0.005373882017658982
57	81	-0.0053811061572042185
26	40	-0.005400377445044957
22	43	-0.00541918540456271
28	71	-0.005421095274880439
36	76	-0.005456947200173812
2	44	-0.005475079209568634
29	62	-0.005476003106647975
29	81	-0.0055034036815432286
26	72	-0.005514074008018399
1	31	-0.005515755463217253
13	72	-0.005530138772375848
24	56	-0.005558112739832033
31	37	-0.0055745395674756115
21	56	-0.00562714578462109
55	66	-0.005660264542364513
11	45	-0.005726039992647147
64	82	-0.005754959155112871
11	85	-0.005784307948579537
5	38	-0.005803674119009672
18	48	-0.005861130231514328
38	73	-0.005867978888465186
10	75	-0.005885011770269566
45	67	-0.005968164986464464
29	64	-0.005976268891121572
53	68	-0.00598763303764116
60	80	-0.005996801817884423
55	79	-0.006013866304966475
8	68	-0.00604724290035813
26	39	-0.006088230987014609
12	42	-0.006091256042911719
29	73	-0.006103193752788838
58	77	-0.006110523225835884
13	32	-0.006121467194725616
16	49	-0.0061532523137005635
29	35	-0.006183301262099372
2	5	-0.0062624788905831785
1	60	-0.006301588284408244
12	45	-0.006323525783330952
12	59	-0.006325024272901325
16	85	-0.0063471737156650665
34	59	-0.006355177343160323
27	51	-0.006358017481888911
41	61	-0.0063610549913611925
22	52	-0.006396755516104358
36	66	-0.006401846398934152
54	72	-0.0064149491629475475
1	73	-0.006424885496585819
6	36	-0.00646947937427883
78	84	-0.00651500212762679
25	82	-0.006528605467051862
4	24	-0.006564889045356681
14	52	-0.006568626530532251
26	57	-0.006597140564056192
39	56	-0.006620652741161748
24	67	-0.006621654473234734
44	68	-0.006623850784094276
21	57	-0.006664900162224929
1	59	-0.006699676549514255
6	78	-0.006720038640029957
22	47	-0.006747698816550518
5	49	-0.006748098622552878
7	11	-0.006798841473602768
10	21	-0.006908109484431657
57	70	-0.00691040784567204
47	85	-0.006934637388504528
9	80	-0.006984937885100462
8	39	-0.007014202295846483
29	40	-0.007044493515353523
31	49	-0.00704510552747567
2	53	-0.007055215623207156
32	77	-0.0070657605016057334
7	73	-0.007098107727273595
24	30	-0.0071129075430647615
7	13	-0.007114232247321328
4	70	-0.007144185245208934
5	48	-0.007196777890937145
55	65	-0.007212764212655404
19	43	-0.0072323580703084756
48	56	-0.007235359632041083
10	67	-0.007247773974441651
4	17	-0.00727584701787426
25	39	-0.007280897411254261
34	83	-0.007283115556913411
53	84	-0.007307834962342774
22	80	-0.0073211812895324635
46	74	-0.007325886435681439
26	48	-0.0073349313854814135
60	72	-0.00736985986195704
17	72	-0.0073800550246510555
13	74	-0.007381374568906585
47	60	-0.007425706282390088
10	40	-0.007476601465818411
47	84	-0.007477620235946003
24	73	-0.0074887528095072264
27	59	-0.0075287469798148154
46	58	-0.0075524434534599005
62	67	-0.007557354161923352
18	36	-0.007609842732903049
12	24	-0.007752251649630837
50	83	-0.007758266278604764
31	51	-0.0077595494683491695
3	83	-0.007777075458927668
6	57	-0.0077784419008277705
22	39	-0.007814781672560611
21	36	-0.007838245819762946
28	60	-0.007886080881428836
26	70	-0.007886315664316246
18	62	-0.00791088581254576
8	24	-0.007928507067984258
10	39	-0.007931144263042311
25	72	-0.007984224024913888
10	32	-0.007994499189275361
4	27	-0.008001971889091963
62	79	-0.008016535902861333
36	53	-0.00802270025769325
58	74	-0.008034500615063944
47	58	-0.008044536720126838
17	34	-0.008053385893952603
4	49	-0.008055493394064528
57	64	-0.008130196380360277
41	77	-0.008162709061377837
28	73	-0.008171111006685161
12	54	-0.008203796702117294
21	58	-0.00826827835784083
11	79	-0.008326838018994087
16	19	-0.008361750822095004
6	11	-0.00836474495451428
42	68	-0.008364806154325277
32	55	-0.008376318871451127
5	61	-0.00839644907475301
8	49	-0.008398124217512681
59	77	-0.0084158760330314
39	74	-0.00841725416018596
18	55	-0.008428628978777691
62	84	-0.00847184743758167
17	75	-0.008511502951927208
41	76	-0.008525112125087997
46	65	-0.008530710933168179
22	72	-0.008533847587544774
12	50	-0.008536600827077079
21	84	-0.008551407461206195
2	28	-0.008574994254533286
43	48	-0.008607319454558116
13	16	-0.008695703952270095
43	77	-0.00877985298856937
73	76	-0.008807756022661817
40	75	-0.008820596610306708
50	74	-0.008824172069191005
16	45	-0.008906335480712874
9	85	-0.008909217274291614
15	21	-0.008928276866734197
64	78	-0.008929857505689198
23	68	-0.008935333347657282
71	80	-0.00894752092255921
31	59	-0.008949372543070322
30	72	-0.008951414845138617
41	56	-0.008980426508059025
18	61	-0.008992433171896352
14	50	-0.008996318290203531
40	84	-0.00907609901925338
58	76	-0.009099736344954867
42	53	-0.009133452472733894
54	85	-0.009141129049514252
1	24	-0.009148321989330022
28	30	-0.009161971962747595
1	44	-0.009193708977972531
56	77	-0.009230497280884598
9	36	-0.009235690674555264
11	71	-0.009253505193224043
50	59	-0.009314383035060492
53	81	-0.00932543435171207
39	73	-0.009345640080358208
50	85	-0.00939097772808617
24	51	-0.00941411487608157
2	41	-0.009418586878422175
48	64	-0.009433140938295614
67	68	-0.009456715243766789
19	78	-0.009458850199460078
21	34	-0.009480842814316881
10	78	-0.009483823580759332
2	14	-0.00948451148044649
9	53	-0.009488769833719157
16	70	-0.009508356716397881
55	67	-0.009536822700348835
53	61	-0.009558691774131822
4	26	-0.009567310205227442
71	79	-0.009681689184274478
19	83	-0.009696941399695125
29	49	-0.00970157818196199
17	18	-0.009753164918709034
1	55	-0.009758921889086919
24	68	-0.00976838656122947
73	79	-0.009832272917601415
30	79	-0.009838263660536473
17	74	-0.009849869948416135
15	70	-0.009856659690367309
41	74	-0.009877950329984952
27	72	-0.009882910614176954
51	71	-0.00990288053998678
1	53	-0.009950106321997915
39	67	-0.009950212839949096
52	84	-0.010008985761106037
2	45	-0.010014328480706075
2	35	-0.01004234251598729
40	83	-0.010048882790067881
61	77	-0.010092934187061864
42	44	-0.010150558866512838
18	23	-0.01016546156368553
22	25	-0.01018346159585054
15	31	-0.010193272878672832
37	53	-0.010207089242954492
49	71	-0.010260052700460875
40	73	-0.010261551137664138
72	74	-0.010262819800593403
54	58	-0.010284265288236893
54	57	-0.010302313370692928
6	73	-0.010315191855347294
7	26	-0.010329409688875912
56	85	-0.010345681693032738
19	54	-0.010364758217936032
10	64	-0.010389875081734556
29	66	-0.010402682240512273
44	55	-0.010417854209358202
3	28	-0.010454526082710996
26	54	-0.010469855622131652
37	75	-0.010510176873937516
65	68	-0.010575237233325985
4	43	-0.010578612932209963
4	14	-0.010652152776600587
19	31	-0.010653726254390483
64	66	-0.010660754500789904
22	46	-0.010691752195990611
1	43	-0.010695184266317992
41	50	-0.010724809159458504
39	61	-0.010731359303612187
45	77	-0.010790301188521229
55	84	-0.010800267528084107
22	54	-0.010832257866720818
28	39	-0.01084800847678924
37	61	-0.010886730439409409
31	68	-0.010912904335674045
21	68	-0.010919880717145225
14	27	-0.010946127283586737
1	16	-0.010974731330837345
22	58	-0.010999445049540924
32	56	-0.011002504782382516
52	73	-0.011043861181032233
11	56	-0.01104750693805684
17	76	-0.011068722377777895
38	64	-0.011100608763672526
60	74	-0.011105109456138629
33	57	-0.011105292225780161
7	84	-0.011133072445058567
8	67	-0.01114912314595859
28	70	-0.011165744652101739
76	85	-0.01116692306607664
1	52	-0.011212718628379859
4	36	-0.011216417030667447
24	65	-0.01123926307570608
64	72	-0.01127464391666122
43	76	-0.011347060711295376
13	75	-0.011375670463155962
1	34	-0.011375753183312715
14	75	-0.011387713006473232
8	54	-0.011453112227520268
30	71	-0.011458054202664325
12	34	-0.011486381718146477
21	71	-0.011497978723197355
47	82	-0.01153788500975328
19	56	-0.011575940274186847
9	50	-0.011597037956684042
26	34	-0.011626530951249547
24	79	-0.011638727463891219
1	45	-0.011654066317665718
40	48	-0.011664769685447718
71	72	-0.01167012226357056
5	52	-0.011678128027539314
24	82	-0.011720473454985975
4	62	-0.01172619426557775
8	71	-0.011768628786684665
60	77	-0.011779102854073686
44	67	-0.01179886161410279
29	52	-0.011799769520631609
33	53	-0.011814655305149857
37	62	-0.011842996836271158
65	73	-0.011843128840342887
23	36	-0.01188061753294295
14	66	-0.011950258163767158
21	50	-0.012011003543754895
29	38	-0.012110826077103731
2	24	-0.012139388638490511
22	64	-0.012198523829129615
11	32	-0.012203747432099343
28	31	-0.012278792998882848
7	81	-0.012323993320223159
32	62	-0.012365143361847852
11	81	-0.012374837787784143
9	77	-0.012396830657772917
54	84	-0.012400435425546086
58	72	-0.012439277911019786
1	47	-0.012444036050549584
53	71	-0.012461072676200613
11	60	-0.012555119634456657
3	13	-0.012581917585500452
15	66	-0.012595397015263687
7	74	-0.012624370610340885
17	48	-0.012690485587728118
5	81	-0.012726283342540112
55	82	-0.012748519799041236
13	43	-0.012752583150287322
23	45	-0.012756705029911969
15	74	-0.01275786814016483
25	45	-0.01276370530327911
5	44	-0.012766956017288222
48	81	-0.012791633637713073
3	68	-0.012830243423922805
75	80	-0.012844096807192756
5	83	-0.012873160025250463
50	73	-0.012884173263358167
7	62	-0.012894918025280644
37	65	-0.012948027523226324
25	43	-0.012954129614938137
20	43	-0.013003520231664095
66	74	-0.01304240477032298
54	80	-0.013069404371999466
4	81	-0.013073991080366776
15	56	-0.013101660033588702
45	80	-0.013184286070571885
25	31	-0.013193554840700839
19	62	-0.013212453001859803
8	41	-0.013215650627100006
7	47	-0.013249581167627589
19	57	-0.01330535744432354
36	55	-0.01331380716454239
58	63	-0.013356031917769962
9	27	-0.013358120718893196
42	66	-0.013368645656054168
36	57	-0.013397574581607063
34	82	-0.013415202341896748
1	13	-0.013422835480806361
54	75	-0.01343686485687473
7	58	-0.013446047987600185
32	72	-0.013591312256339638
38	43	-0.013617141259818555
1	54	-0.013619133134992023
58	64	-0.013636549877570237
10	73	-0.0136405799974052
75	83	-0.013649712273104464
9	72	-0.01366211306156273
48	83	-0.013679670565145574
56	79	-0.013684224320067773
29	32	-0.013714223019747174
13	59	-0.013720532926637385
2	54	-0.01382485756946894
40	81	-0.01383311083591865
30	45	-0.01395137660123702
21	54	-0.013951429139497595
35	45	-0.013966896872710105
14	16	-0.01398354258656026
6	24	-0.014005090182000135
54	66	-0.014026482936270457
11	14	-0.014081081936567763
16	63	-0.014130301149308189
47	67	-0.014131490537848318
6	59	-0.01415347714551024
32	65	-0.014160719214880352
31	57	-0.014162172297534192
25	65	-0.0142102527674072
13	40	-0.014211888626170732
5	24	-0.014277537181991262
58	84	-0.014279885158646866
37	71	-0.014296467614348163
3	30	-0.014360453309517018
19	23	-0.014392229957870428
59	78	-0.014421584148228972
15	58	-0.014473989762259054
51	58	-0.014496665321143798
2	65	-0.014568633224452038
26	62	-0.014623813015868126
57	66	-0.014635140191593232
4	53	-0.014657071730837246
10	68	-0.014697481837388227
25	84	-0.014735476805628478
11	58	-0.014744988360292588
14	84	-0.014749944402075
28	61	-0.014775868092276101
56	73	-0.014778165098916052
56	82	-0.014810376385992835
29	56	-0.014834972338506391
55	72	-0.014838811347549719
35	53	-0.014951355815023715
17	37	-0.01498319500435591
24	28	-0.01498512285966025
24	59	-0.01503655300108997
29	43	-0.015045186082404849
36	85	-0.015054468694608136
66	76	-0.0150739110541529
15	85	-0.015091013402695364
63	85	-0.015093554796529685
12	66	-0.015121407486260563
52	59	-0.015125032305402963
26	81	-0.015152198097861447
26	71	-0.015175466922476843
31	63	-0.015178523440859432
62	74	-0.015199792917644506
21	74	-0.015243581712553134
35	47	-0.015251968374199898
21	66	-0.015297900544413823
39	51	-0.015369005519165757
17	31	-0.015383702304743174
52	55	-0.015385322430814863
26	41	-0.015403037088768445
8	77	-0.015430503381585914
15	44	-0.015440405311819116
38	68	-0.01544103127583113
30	67	-0.015442626392230624
9	29	-0.015515518457502042
56	58	-0.015543125127991275
42	72	-0.015581493308749028
14	39	-0.01561114487931825
20	55	-0.01563211944757467
1	71	-0.015652050946956264
31	48	-0.015676864258729384
42	50	-0.015679116999354648
10	22	-0.01568726310233709
36	50	-0.015708250041944538
19	30	-0.01573919693108078
2	40	-0.015756170159201555
54	79	-0.015758811784145565
1	15	-0.015823676381203522
62	71	-0.015846340253415137
43	72	-0.015915618973184664
2	70	-0.01593327355220192
43	53	-0.01595031774559197
8	80	-0.01595170883486502
13	76	-0.01601888021548653
17	27	-0.01606688749081886
9	37	-0.01607518413965303
22	49	-0.016103155176403205
10	59	-0.016118078364580124
1	76	-0.01613447831487516
23	57	-0.016180400984353083
31	41	-0.016189317587537833
2	39	-0.016231684257658252
50	80	-0.01624286330946481
44	71	-0.016318422782890973
37	52	-0.016340658055550183
11	28	-0.016433049486306528
32	57	-0.016473307846093244
21	33	-0.01649906503299936
12	43	-0.01650458496013163
5	57	-0.016584098672424663
9	49	-0.01659401107244962
12	61	-0.01660685352015262
12	60	-0.016633276209249648
56	62	-0.0166395544193767
24	83	-0.016675317740217466
66	70	-0.01668404690037084
2	12	-0.016753677772309072
44	75	-0.016753797928646008
8	63	-0.01677121272316126
27	75	-0.01682501742809639
34	57	-0.016857895641635035
14	70	-0.016880041586441075
1	46	-0.016892291266627002
1	85	-0.0169406419340917
34	78	-0.016943232864489177
23	43	-0.016958079632238887
47	77	-0.017049038929277616
42	81	-0.01709631258840638
4	9	-0.017121470961387664
38	62	-0.017207784116475777
12	38	-0.01721378869573742
21	35	-0.017236060819533272
6	38	-0.017237076545451424
9	13	-0.017272359527282566
25	70	-0.017315719077828695
70	80	-0.0173159041192944
16	48	-0.017328927870680688
4	13	-0.017393658502650122
27	58	-0.017450380515034725
5	10	-0.0174770279253334
9	10	-0.017560599811865973
5	22	-0.017574080313903395
12	85	-0.017607836536565558
13	51	-0.01761642548834569
5	45	-0.01762428277244213
15	41	-0.0177801693445222
55	85	-0.01779808934966337
22	44	-0.01785881621768093
24	33	-0.017866881798498324
3	57	-0.017878893434890963
52	85	-0.017905484175721353
53	67	-0.017941705575271416
26	60	-0.017961507897973017
63	66	-0.01797528501051579
49	57	-0.01798896755819962
41	68	-0.017996548406618795
38	45	-0.01800155153754554
17	84	-0.01803680622357484
12	84	-0.018094619496863917
39	65	-0.018104702906817177
1	17	-0.018123553201042364
5	63	-0.0181241026644669
2	77	-0.018153852966015738
16	47	-0.018169753972713587
21	69	-0.018209911024184344
1	32	-0.01822304019813553
19	74	-0.018256255877771133
36	73	-0.018379674126788537
46	85	-0.018415097034312433
1	36	-0.018469910839785525
6	56	-0.018474191005837942
54	82	-0.018492954930081185
4	22	-0.01851113937557647
47	62	-0.018585302563220107
15	63	-0.01859401335502084
5	64	-0.018600784815888338
48	61	-0.01861771010659563
6	10	-0.01862997685155038
36	68	-0.018665547519921777
4	31	-0.018673530765061952
78	85	-0.018690580002683865
40	62	-0.018698975421501396
2	72	-0.018714346671687754
8	57	-0.01871554097817074
24	45	-0.018716167962619074
1	84	-0.018825683921588884
11	27	-0.018831065381588796
17	32	-0.018869115727502828
62	76	-0.018897416063867634
28	58	-0.018900544199672686
36	67	-0.018903259513739418
7	36	-0.018938414294696893
16	33	-0.018957523208284588
65	83	-0.01896122969768335
54	64	-0.018991366392771047
47	73	-0.019001092334707148
66	75	-0.019015805867669988
39	62	-0.01906104283125659
1	10	-0.019079033723590183
11	72	-0.019191447114174975
73	82	-0.019213849127017735
38	57	-0.019239733023710626
1	38	-0.01927169262194217
13	30	-0.019343032354773804
5	67	-0.01937036582839649
24	44	-0.019384593169491593
6	19	-0.019384658830256585
14	38	-0.01940363390548805
45	82	-0.019409971740094012
62	82	-0.01949437117744754
12	77	-0.019500561952817408
2	55	-0.01957883204424027
12	52	-0.019643368028635366
10	81	-0.01966293954695314
21	85	-0.019675386321607036
80	81	-0.019707553469527045
17	67	-0.019759827497911303
22	40	-0.019772248683687654
15	68	-0.019774828898274033
27	68	-0.019789006207789506
2	20	-0.019797128715627416
24	74	-0.01979845755603926
25	74	-0.01980473033840896
36	56	-0.01982186849909845
60	66	-0.019885462028557455
21	53	-0.01988755812652787
36	82	-0.019890155921756608
26	31	-0.019895054707113058
48	65	-0.019903260526662858
61	67	-0.019938744847325107
59	64	-0.01995275151318948
6	34	-0.019994240406970176
43	66	-0.020002707960587784
2	60	-0.020016879309565527
7	14	-0.020033400708247162
63	74	-0.020105574170760004
7	56	-0.020130886877005316
1	70	-0.020133007427523164
3	40	-0.020138818501068523
14	29	-0.020200316364378912
2	15	-0.02022280067245036
33	44	-0.020236592477035686
38	66	-0.020240531602758016
16	78	-0.020263989349214806
35	61	-0.020288120818351407
61	72	-0.020312355612093436
19	71	-0.020340975496932645
70	82	-0.02037034666243437
11	62	-0.020386412014999133
5	62	-0.020393897077926104
5	70	-0.02041701038886612
15	23	-0.020471071706301136
31	39	-0.020535552981656158
24	75	-0.020570431868166206
51	81	-0.020579464528013958
37	74	-0.0206051237864997
73	84	-0.020621707127146727
5	25	-0.020643169932084926
26	84	-0.02066458246527142
41	65	-0.020677694664876622
30	74	-0.020684821835021072
31	83	-0.020711870377541963
45	71	-0.020713358435215046
56	65	-0.020733078553255124
23	66	-0.020805518828892422
36	75	-0.020821488579932546
14	49	-0.02082570398044742
26	53	-0.020858862418980162
52	58	-0.020859646943528154
16	68	-0.020860506055929207
40	80	-0.0209538876727981
7	70	-0.02099980413875857
1	48	-0.02105713602579415
45	62	-0.02115047711369958
14	46	-0.021186157540840134
20	48	-0.02119879538407457
21	42	-0.021237997385069818
20	85	-0.02128496525844442
15	61	-0.021309335593796996
70	84	-0.021343541054828108
2	64	-0.021358650099601806
13	49	-0.021364854978604852
2	37	-0.021381797751018422
2	42	-0.0214484126391834
13	44	-0.02145051135478948
8	79	-0.021452455625887767
38	54	-0.02147367433687475
18	58	-0.021487369622939234
5	36	-0.02152534586861965
31	45	-0.02152823108155341
6	81	-0.02156550641600924
7	43	-0.021610080295747847
9	35	-0.021611129643548832
62	72	-0.021624391513620222
1	39	-0.02171739119227098
37	54	-0.021719666603704668
17	64	-0.021722782039720723
35	70	-0.02172990179741341
22	74	-0.021799029152892835
10	62	-0.021822689026341657
12	83	-0.02182949059840461
35	54	-0.021941300073399506
25	67	-0.022006358283988392
54	65	-0.02210807419970434
13	69	-0.022161748665373543
14	19	-0.022168534865337042
5	51	-0.022170017613440618
9	57	-0.02219991582147962
6	12	-0.022208348347898865
2	8	-0.022218421586949255
8	78	-0.022242553214723015
21	83	-0.022247664921483112
3	31	-0.02226060064260932
53	59	-0.022271567491917277
14	31	-0.022272300483445473
38	55	-0.022302514978989663
35	46	-0.022345328910212625
2	76	-0.022352208666465923
27	44	-0.022397816162533446
16	41	-0.022404024817956225
26	82	-0.022406216688688696
23	37	-0.022421896863834057
8	34	-0.02243074514385618
1	64	-0.022463685177062848
2	67	-0.02249170247247742
22	57	-0.022494972833010662
27	43	-0.02252998035507059
5	50	-0.02253853378041143
25	62	-0.02254262501601828
51	69	-0.022569549486341017
15	32	-0.022617296849383017
10	35	-0.022617507607978815
26	58	-0.022630782437235708
17	82	-0.02264389066871153
2	6	-0.022648421351184472
20	21	-0.022696352323237745
28	72	-0.02275078084447052
4	38	-0.02275575649946482
37	81	-0.022773735256066963
24	61	-0.0227803226651061
62	78	-0.022789521444416705
6	29	-0.022808749829140662
14	78	-0.022812451527641497
16	62	-0.022888242724385444
1	42	-0.022914849678094262
46	63	-0.02297243965396606
62	81	-0.023001895571133968
5	40	-0.023013341042838475
67	85	-0.02304843177127691
1	9	-0.023090106724253295
7	34	-0.02317988876767374
67	83	-0.02319813347941943
38	83	-0.023199433413466364
44	72	-0.023206767284194074
50	71	-0.023207359629133728
6	21	-0.023252949288610825
45	60	-0.023330967471497654
22	27	-0.023342862076728976
23	72	-0.02334748580931395
2	71	-0.0233638809775763
36	62	-0.023375719562679476
5	78	-0.023435448450684737
14	25	-0.023443359046297185
53	64	-0.02344844096477694
7	16	-0.02350004570920572
46	80	-0.023541580746470253
3	38	-0.02358143172244148
39	57	-0.02360419070728459
16	74	-0.023681391490558534
23	54	-0.023714678210527196
2	18	-0.02374612157050085
60	83	-0.023754918073376707
7	71	-0.023763348740188428
29	67	-0.02379082435344826
59	75	-0.023812192541602273
49	65	-0.023937747036910234
20	42	-0.024007655439610864
46	60	-0.024046720511424036
24	37	-0.024070618648446368
9	52	-0.024075473594438346
10	66	-0.024104806999671213
6	62	-0.024149875415753225
33	72	-0.024161635361115097
9	32	-0.024197947757574
7	25	-0.02421666165065056
65	72	-0.02425283551245591
6	32	-0.024262209994531547
5	28	-0.02435869823786657
15	67	-0.02437835221225579
3	39	-0.024383018714569243
35	76	-0.024406781591018778
37	51	-0.02444862676288112
26	85	-0.024519587358819595
2	11	-0.024566469272775338
21	70	-0.02459498382871611
48	71	-0.024653972263894763
31	52	-0.024683720000775455
35	52	-0.0246886172307772
59	62	-0.024699133147525698
52	72	-0.024764923255914895
23	65	-0.02479992300080791
5	17	-0.024828062931049555
27	41	-0.024837206656550204
51	62	-0.024849238272697693
10	13	-0.02485505963182999
8	40	-0.024867466506196423
5	72	-0.024907801072611646
14	79	-0.024917394026698403
20	31	-0.024936859475247902
1	61	-0.02502127603004048
12	65	-0.02506634115616599
18	24	-0.025073897199677342
9	67	-0.02508044056389183
56	66	-0.02512902392011218
1	62	-0.025148794063575425
57	60	-0.02518007468743036
53	65	-0.025246707969595328
38	53	-0.025272930589552323
15	39	-0.02539366565967016
7	67	-0.02539391301072727
27	57	-0.025425639301145553
16	73	-0.02548438951194265
23	83	-0.025547931305619498
27	61	-0.025560500833302524
23	74	-0.025586089411745006
75	77	-0.025608232333903302
3	32	-0.02564626908343981
12	68	-0.025684781906292142
31	61	-0.025704017272865365
11	57	-0.025710174048023837
29	58	-0.025731279213324687
20	68	-0.025755647020550165
7	85	-0.025769996677834306
8	36	-0.025784398253213936
13	80	-0.025856028931727393
67	74	-0.025859851069338052
69	85	-0.025947833076719773
6	17	-0.02595664631080935
19	21	-0.026081032453508235
30	47	-0.02611994737461165
12	78	-0.026132190695323354
19	60	-0.026188689999403936
14	18	-0.02622428612187458
4	75	-0.026243278450942042
79	80	-0.026321994568583
3	36	-0.026346319513888883
61	81	-0.0263605013178142
61	71	-0.026515280603820857
43	61	-0.026557729305930644
57	85	-0.026611436386395654
1	49	-0.02662447979509827
42	67	-0.026660163983996232
71	75	-0.026670790367707753
42	57	-0.02669348147253825
57	75	-0.02670397999079882
25	57	-0.026734750796874762
33	37	-0.026751321653390253
18	31	-0.026756472846044793
31	56	-0.026770634536020965
15	22	-0.026795170671597923
16	67	-0.026821540054130066
33	62	-0.026848807330859203
2	7	-0.026873482106177293
4	37	-0.026900333736725623
12	35	-0.026921993098935892
70	75	-0.026955889949027867
17	21	-0.02700810010875787
33	47	-0.027020330634902834
59	74	-0.027022978787861307
35	48	-0.027042654742579608
60	64	-0.02709604969546009
80	84	-0.02715472363764665
12	28	-0.02715771362772329
51	72	-0.02719986527768986
68	81	-0.027211543345865508
9	56	-0.027261904133569992
18	44	-0.027262848848179505
6	47	-0.02728529604527985
16	57	-0.027321482876009773
8	35	-0.02737766748898174
11	30	-0.027462552922121908
26	55	-0.027464846958187183
23	73	-0.027507185770746678
30	60	-0.027574171129360447
14	76	-0.02761829140635985
37	73	-0.027708502410040803
7	22	-0.02773469153197794
58	73	-0.027743983354207413
3	70	-0.027792656876230226
14	81	-0.027797243814320194
35	44	-0.027799567444407203
10	58	-0.027822105412213194
1	41	-0.027914649263243746
22	55	-0.027916723195369086
35	84	-0.02793683600976768
15	71	-0.02793794506161157
32	60	-0.02794976475076355
43	62	-0.027988396775651125
45	75	-0.028093335634931438
4	18	-0.02812239984255105
14	68	-0.028133785824017377
45	69	-0.02818943277034472
37	70	-0.02822246014678531
3	59	-0.02827679347496126
8	66	-0.028423191480480003
21	63	-0.028429909976611073
3	84	-0.028455358753703253
14	17	-0.02847287105603996
54	60	-0.028518260679237573
3	71	-0.028562332782767708
1	28	-0.02858471433868104
58	68	-0.028597749067734768
6	23	-0.028608545119086004
27	74	-0.028631295249586963
10	37	-0.028637696879896923
8	70	-0.028655624635607724
22	69	-0.028717544821717983
6	13	-0.028727003193574963
5	15	-0.02875924962646853
21	41	-0.028790168678002714
6	41	-0.02888998745276311
30	49	-0.02891073966528407
6	52	-0.028926670745269584
34	67	-0.028942008233415834
58	67	-0.028946595763042565
21	73	-0.028988579128025604
6	68	-0.028989007960424557
41	71	-0.028996183163692624
6	54	-0.029109986829768675
12	57	-0.029126398216374194
57	77	-0.029139321152448938
16	23	-0.02916337918219153
18	64	-0.029181651690091764
63	75	-0.0291828959500392
3	85	-0.0293067373076068
20	56	-0.029350326204811955
12	29	-0.029351094907695163
52	79	-0.02935137239456792
15	75	-0.029374486864784666
9	82	-0.02937656287907714
67	84	-0.029436216409498644
59	60	-0.029510656668725377
17	65	-0.02955030677967946
11	78	-0.029609099203197098
3	43	-0.029612907217477974
60	84	-0.029633535533529487
12	32	-0.02970138143632739
30	82	-0.029701980329962047
30	85	-0.02971084779865102
1	50	-0.029738732576658017
13	23	-0.029760613769466537
1	29	-0.029768520546973765
49	73	-0.029804046163293796
27	67	-0.029873304223628855
8	85	-0.02993736303228617
35	49	-0.029965564006568357
23	59	-0.029966603960540295
71	76	-0.03002034974558143
13	73	-0.030028176735301393
58	69	-0.030068798085638865
49	75	-0.030101770475175593
6	64	-0.030201280738738984
58	85	-0.03021437387299114
48	69	-0.03022132093085575
14	85	-0.03035121914887806
22	31	-0.030361482239749327
12	73	-0.03036942096195694
37	79	-0.030432672670259397
27	31	-0.03043414971279995
14	36	-0.03047223452362824
7	23	-0.030499789980096892
3	48	-0.030637527924156582
65	70	-0.03064658182090657
47	75	-0.03070041855638722
36	65	-0.030724748530504692
32	71	-0.030809723141862644
15	69	-0.03084195700120196
44	80	-0.030875741628198394
25	35	-0.030905638651444522
4	12	-0.030917056169930457
8	29	-0.03096473640204961
23	46	-0.030996296881149188
15	80	-0.030997001916368283
58	66	-0.03100608154035278
13	67	-0.03104650782932608
9	33	-0.03120139926073756
5	79	-0.03126498137128103
27	65	-0.031297356067921916
2	63	-0.03132942489605556
6	27	-0.031368484374726446
10	18	-0.03137198678404923
64	69	-0.03139407387194543
45	63	-0.031400338111597745
54	67	-0.03140693082345711
72	77	-0.03145787811812628
34	37	-0.03148659402162923
13	53	-0.03152821459816052
2	62	-0.031700747560432896
20	45	-0.031720000135233906
58	65	-0.031734588165399924
31	70	-0.03175634733642163
71	78	-0.03176878703369623
4	76	-0.03178513720252629
1	8	-0.031827798553190956
37	42	-0.03200880500746581
51	67	-0.03201640894279284
30	42	-0.0320180826165255
47	76	-0.03202864412047968
2	57	-0.032046095177164446
50	63	-0.03208977550818545
12	26	-0.03219428545301345
11	80	-0.03225652773546006
33	61	-0.03232691616218891
32	67	-0.0324098321624155
59	73	-0.03241575298954075
30	55	-0.03252437993546098
37	66	-0.032593357071915685
23	76	-0.032604645479413386
38	75	-0.03262977446486787
23	81	-0.03270427715567159
35	59	-0.03277493932730258
11	75	-0.03277886944651698
5	16	-0.032785823624827515
67	77	-0.0327925361933763
14	72	-0.03279788022634905
57	58	-0.032797888600127556
9	14	-0.03287705531630697
49	74	-0.032894068492539286
8	19	-0.03299703702536577
56	72	-0.03306864666973436
11	67	-0.033083433518667466
26	67	-0.03334605288974363
2	61	-0.033388661612445414
18	84	-0.03339349118080459
17	23	-0.03343481740155957
56	74	-0.03343575456239761
18	66	-0.033472239849562546
3	74	-0.03354309594809546
24	43	-0.03362194966336329
18	27	-0.03366543783737591
40	65	-0.03368901414623282
16	69	-0.033772863032062034
14	60	-0.03387573232692137
32	82	-0.03390772659108168
18	54	-0.03393437534537877
21	65	-0.03396384249425358
5	82	-0.034017005032455194
6	22	-0.03402034569803036
30	84	-0.034034527981180895
32	37	-0.034058996634253075
6	85	-0.03410253275332514
8	55	-0.03415702253498093
11	23	-0.034166914731253495
13	77	-0.03430097580394109
12	53	-0.034324966591435746
3	50	-0.03440370913009269
22	34	-0.034445493945786554
28	62	-0.03444896802418823
35	38	-0.034528943562464276
20	73	-0.034539988070972555
7	8	-0.03454403561687358
14	53	-0.034547058019798904
32	58	-0.03454831178904705
5	39	-0.034626117557846725
7	66	-0.03463323488171316
72	80	-0.03465611802774268
27	84	-0.03469377471903673
14	35	-0.03471503709852175
16	28	-0.0347328751443447
1	27	-0.034739730092468196
12	55	-0.034768255202831555
30	78	-0.03477539365486526
65	78	-0.03478820186704454
14	40	-0.0348688938021558
52	82	-0.03488319440916415
41	69	-0.03492332587280758
40	82	-0.034945866524570324
6	46	-0.03498255771576575
27	71	-0.034989985603832596
13	20	-0.03504088281472151
62	68	-0.035067410523195786
6	49	-0.03515144120871602
42	60	-0.035172310420006236
19	69	-0.0352114847938928
21	48	-0.0352127686265285
6	9	-0.03525236273244822
58	75	-0.03530680608476672
9	23	-0.035375266290879726
24	35	-0.03539744302796555
21	27	-0.035438059371602715
16	37	-0.035446370470986976
3	16	-0.03549062579925294
20	41	-0.03550934103746678
38	65	-0.0355401115837492
5	73	-0.0355941638948713
16	31	-0.035598884480750936
37	84	-0.03566070791819331
73	78	-0.03566309078391694
23	41	-0.03574043200843424
8	52	-0.035762632984179976
30	38	-0.035786596277652016
3	78	-0.035840202132286586
23	47	-0.03587519105403075
67	73	-0.0358806757309775
21	30	-0.03594430385894409
3	29	-0.03596498535189355
73	81	-0.03603982637142278
15	62	-0.03606418508441289
33	45	-0.036128552815574366
19	65	-0.036146859707137574
3	24	-0.036203158830475396
31	43	-0.036243236265253664
40	71	-0.0363221614339897
28	59	-0.03636268619899463
53	63	-0.036386344382510094
42	65	-0.03638941704520335
15	35	-0.03642078676772886
31	65	-0.03648375781496002
1	77	-0.03648789190042498
49	63	-0.036504697026187
23	56	-0.03650901548741514
44	60	-0.036568387844653605
26	80	-0.03668422601889387
14	37	-0.036746365313364726
2	52	-0.036790861012308995
6	45	-0.03679645042304926
20	84	-0.036821196532990444
11	20	-0.03686188624310127
20	83	-0.036872599362688024
20	52	-0.03687850162538828
28	35	-0.03693937316267676
61	63	-0.036978824449652475
16	77	-0.03701030950696527
13	60	-0.03703022856577959
11	63	-0.03708944375538123
14	26	-0.03716251441332996
6	30	-0.03716873757629621
6	75	-0.03723984889754911
47	80	-0.03725109342166147
12	22	-0.03725787291567184
54	63	-0.037441013655014455
6	48	-0.03753589637795246
52	60	-0.03759833695938969
43	50	-0.03761994001664293
34	58	-0.037730447911996534
59	82	-0.0377353528074352
41	67	-0.03779999453320071
12	41	-0.037828281009208264
3	42	-0.0378907138746942
14	41	-0.037893403928753955
43	74	-0.03794123669858518
13	35	-0.03797718929352589
23	50	-0.03801807968718962
3	27	-0.03802714913339239
14	47	-0.03803540545892664
62	73	-0.03809452692751053
18	42	-0.03812428902431761
17	30	-0.03813009867579131
50	62	-0.03813274280067819
4	52	-0.03815972946767865
48	67	-0.0382307391349756
12	19	-0.03825986222269412
65	76	-0.03829844212063965
63	72	-0.03834095752823691
6	28	-0.03836035133010893
39	80	-0.03838853500843645
19	67	-0.03840438792364381
61	65	-0.038405107407956135
24	60	-0.038461665994600824
13	78	-0.03850566133789923
67	81	-0.03851105371851085
23	49	-0.03868622535559646
50	82	-0.038686774581315114
35	36	-0.038688683206118346
37	41	-0.03877319228068479
12	81	-0.03878162320478434
53	69	-0.03885265080687639
35	74	-0.03891906436368103
5	59	-0.039017597196839615
2	16	-0.03904203127549516
65	77	-0.039066965130046344
33	40	-0.03908463270278806
19	63	-0.03911990308483984
9	70	-0.03936106409238882
63	83	-0.03939757612458436
16	81	-0.039481375285840226
34	75	-0.039662814347781405
66	71	-0.039666433351068064
44	62	-0.03967537102710206
23	32	-0.039706672907174445
55	75	-0.03973397945077034
6	14	-0.03983354051169488
46	67	-0.0398680783301269
23	79	-0.039933427192598736
31	54	-0.03994257477414065
18	46	-0.04010403463850368
48	75	-0.04015162246830728
36	80	-0.040211328868039936
3	11	-0.04023623306524857
34	65	-0.04025666945004816
30	83	-0.04030772756018436
39	58	-0.04044254209090953
54	69	-0.0404427432708854
1	79	-0.04045283627150019
48	60	-0.0405051579613272
52	80	-0.04057723398633761
3	77	-0.040621412755351
58	62	-0.040624964538532926
17	62	-0.04063815811809629
30	52	-0.040660213079158736
35	51	-0.04069328748645612
62	65	-0.040714269936884706
78	82	-0.04086775016345515
18	26	-0.04092729674321294
39	82	-0.04102296048019313
6	53	-0.04104571830940895
51	63	-0.041052894423838554
12	75	-0.04106687238822976
80	83	-0.04109795528971019
16	65	-0.041229514570720105
18	34	-0.04126135330485389
12	71	-0.04126509218483415
57	83	-0.04128811802075169
71	83	-0.04130440822503456
7	37	-0.041325726136896945
10	20	-0.04137376689918246
53	80	-0.04138889525873002
15	65	-0.0413988641481656
3	61	-0.04140108179943927
13	65	-0.041421159694848664
5	11	-0.041497205470982124
18	59	-0.04150866517211671
5	80	-0.041543301111106185
53	60	-0.041579476918768565
34	62	-0.04161565781456811
10	60	-0.041634238253952904
12	79	-0.04171012246589878
38	82	-0.04175197278291776
23	85	-0.04176269209389891
10	31	-0.04180797792465668
7	65	-0.04183020416651356
12	49	-0.041867356758576
3	15	-0.04189624219420121
37	55	-0.04195388710679718
30	70	-0.041978234587440155
29	71	-0.04198346821222432
12	64	-0.04202245236606156
18	72	-0.042030162106194896
61	82	-0.042059057336300026
53	82	-0.0421336376029289
3	21	-0.042185608163335
56	67	-0.04220045712232989
27	55	-0.04221360823455822
14	83	-0.04249341933053924
29	75	-0.04250688556735449
62	66	-0.0425203338146804
51	65	-0.042524175391769725
11	65	-0.042604893568523095
48	62	-0.04261199728630627
5	77	-0.042631407357931306
48	82	-0.04263826077854224
16	60	-0.04268149601692267
5	68	-0.04270540479794377
23	40	-0.04273740017923766
6	15	-0.042867501242952216
8	26	-0.043000670765835025
5	12	-0.04309173079536477
49	80	-0.043131571676329805
21	80	-0.04313201122962029
30	76	-0.04313786228455607
16	80	-0.04318892562248641
41	63	-0.04318995348244145
28	37	-0.04324733085473462
18	79	-0.04330290779500251
3	81	-0.04330943945361035
33	83	-0.04344755682248205
32	80	-0.04349804117532949
65	85	-0.04354838874821418
31	73	-0.043590922574679614
33	70	-0.04360421227395672
52	63	-0.04364161612148931
50	67	-0.04374633198578806
4	60	-0.04378707119115549
3	54	-0.04385277720916167
22	60	-0.043880688339116014
6	50	-0.04388136082600924
74	78	-0.04390180111299152
63	76	-0.043993301487132125
8	47	-0.044015143994197314
32	75	-0.04404935216317002
9	65	-0.04408012437721248
18	52	-0.04417907238138857
23	34	-0.04423152977994993
41	82	-0.04428869412593617
21	77	-0.044370723231131615
67	76	-0.04452795925785816
50	65	-0.044575320854362915
33	46	-0.0446203610913955
50	60	-0.04468518472503452
14	23	-0.04469564636733575
30	75	-0.04484436303032757
29	82	-0.04485711800700118
10	71	-0.044936323074006246
69	77	-0.04498088665102415
14	51	-0.04500714867573008
30	51	-0.045053800080161355
69	74	-0.045171770096684244
39	60	-0.045280380861452585
12	48	-0.04532487786215239
44	58	-0.045444429728617064
22	37	-0.0456175048941006
60	78	-0.04574689214474875
30	46	-0.045787924424331106
12	46	-0.04582935727267956
49	67	-0.04592466913107687
25	33	-0.04602916120210471
68	69	-0.04604665996030999
8	58	-0.04614527271452784
32	33	-0.04627924620461343
37	45	-0.04641398298875403
37	85	-0.04641825632744109
6	39	-0.04643159193885363
44	82	-0.04645578499573014
20	66	-0.04646926055321232
3	55	-0.046479259859700084
54	71	-0.04652189965862724
52	65	-0.04655927384109029
6	71	-0.04656943338520783
14	54	-0.04664977008834226
67	72	-0.04679906656843358
19	82	-0.04682975117467453
37	83	-0.04689670644863883
60	61	-0.04691922341518362
14	30	-0.04692294446739287
55	71	-0.047071207353237554
76	80	-0.04711632044010783
20	81	-0.04719100806655749
6	26	-0.047191716298839254
43	69	-0.04721541718777758
29	80	-0.04722174995802034
71	77	-0.04737422628004373
38	60	-0.04739015667557023
63	64	-0.04741694040770497
30	50	-0.047573072843384745
18	68	-0.04761083629498486
33	66	-0.04764006841835683
69	78	-0.047678954557896086
66	82	-0.0477409847657399
9	26	-0.0478058180003218
12	21	-0.04788207529985783
23	35	-0.04795384151644794
20	28	-0.047975988769897976
62	83	-0.047993273485319454
4	20	-0.04809541393060429
26	63	-0.04821670129287978
71	73	-0.04831273848395412
30	44	-0.04837925905651452
53	62	-0.048398335728039255
35	40	-0.04846335621088921
16	20	-0.04856104363979186
2	36	-0.04856382264425002
35	79	-0.04860950551894738
5	8	-0.048701053792669424
32	63	-0.04883449792393976
20	34	-0.048845141785927054
43	63	-0.04889599915681403
75	81	-0.04892951564346831
18	40	-0.049009211027977284
22	67	-0.0490308983112453
76	82	-0.049062242769570524
3	49	-0.04909548404209421
3	64	-0.049116674936015264
18	77	-0.04920514625194011
8	43	-0.04921943533948797
6	79	-0.04927238955037949
35	50	-0.04931627451324455
26	35	-0.04932868755306269
33	77	-0.04936533651944891
29	37	-0.049376609861711024
23	61	-0.04937699628431208
8	22	-0.049381147432585426
25	80	-0.04943619923447323
15	82	-0.04967684295222938
20	61	-0.04970234233383708
44	63	-0.04971418265488203
3	45	-0.04977688436919048
9	63	-0.04983874861994397
5	26	-0.04987599247552099
6	44	-0.04997215947156586
18	47	-0.05004095539313347
19	80	-0.0500457331910536
67	78	-0.05006407891017442
28	67	-0.050093822396908544
28	41	-0.0502258594560438
25	37	-0.050257315677222525
75	79	-0.0503387665220848
27	62	-0.05039290972956517
18	51	-0.05042359549063177
17	63	-0.050427706963030505
34	60	-0.05044267799731117
63	68	-0.05049865514278146
18	30	-0.050509628594231554
5	30	-0.05052329042582715
48	80	-0.05053156959915736
40	67	-0.050561973848987
65	74	-0.050582275115508585
72	82	-0.05060402830009536
18	22	-0.05061655030267995
44	65	-0.05062732054548785
60	70	-0.05065550916215744
3	51	-0.050852499666385304
67	71	-0.05101235999381895
24	62	-0.05108219893110749
2	80	-0.051133432381923916
8	32	-0.05115918102205874
22	82	-0.051201001535652074
3	79	-0.05120585010894729
20	70	-0.05124457446410752
30	39	-0.05125966259441589
9	69	-0.051378596356094125
39	69	-0.05138026220460931
12	40	-0.05141866146720042
22	71	-0.051437221341041395
13	71	-0.05152096247753257
24	63	-0.051608750889605565
27	63	-0.05167651225148834
10	33	-0.05177525650883952
8	21	-0.05181908283661657
7	51	-0.05185539464567085
5	18	-0.051899112661917185
67	79	-0.052195656058647316
29	63	-0.0522415173461486
7	75	-0.052354102756454746
14	22	-0.05246066294615637
35	55	-0.05246195181802127
27	69	-0.05254513983662515
37	78	-0.05266140991795645
4	67	-0.05270759133134911
20	59	-0.05290647683201859
63	70	-0.05300749010509556
15	18	-0.05303955986539213
69	84	-0.05305020246649998
18	53	-0.05306757724492836
22	38	-0.05310574849450034
17	77	-0.05319552145985745
11	18	-0.05321158014076752
22	65	-0.053260595966845264
42	71	-0.053361512745451756
33	64	-0.053382969425664506
3	73	-0.05341284761266121
74	80	-0.053523642097982105
64	80	-0.053525358837837544
17	60	-0.05356260545100955
8	27	-0.05358156356200455
20	22	-0.05364156339913401
51	80	-0.053708224376959435
35	68	-0.053717756595175414
20	72	-0.05373386989188786
21	75	-0.05386282720386437
60	73	-0.053914496685830315
8	76	-0.0540433459689077
27	80	-0.054045905203508715
33	54	-0.05404730526033977
38	67	-0.05417119241501994
11	37	-0.054204068350234724
36	60	-0.054322760510281454
56	80	-0.05433892226303966
14	28	-0.054345729674994625
7	35	-0.054451271483612534
43	60	-0.054480326643462584
8	46	-0.054631614398653716
42	80	-0.05465018646298739
56	75	-0.05465075350086612
29	65	-0.05468141562329759
42	63	-0.05476398393318696
20	53	-0.054766100980368604
14	74	-0.054829005340776116
30	59	-0.054858187970886485
41	80	-0.05486381091403136
66	69	-0.05496794284429479
37	50	-0.055290441184723566
13	82	-0.05530927973123692
15	37	-0.05532333431964476
25	60	-0.055469904731884734
35	78	-0.055571804332707087
4	33	-0.05563901580069519
30	36	-0.05573665620264601
17	69	-0.05578904767154477
30	57	-0.05581233958497195
9	20	-0.056040451089534815
10	80	-0.056094150243086394
12	33	-0.05616773985856793
61	69	-0.056173086782863174
47	71	-0.05622705883751811
20	54	-0.0562594565161543
20	78	-0.056287424989687224
36	69	-0.056483527205850426
3	66	-0.05656921893412678
14	73	-0.05662412762841801
18	50	-0.05678952787595601
7	60	-0.056870592767682415
35	83	-0.05690812171988591
4	82	-0.05691719940314771
28	65	-0.05700400939597197
20	24	-0.057058614083966036
3	44	-0.05710465661663586
32	69	-0.05724385286870905
42	69	-0.057403846286033636
39	63	-0.05740408150385168
17	71	-0.0575084394205328
34	69	-0.05752524592847855
18	29	-0.05764021754840079
52	75	-0.05773602729293148
52	67	-0.05774167083445356
20	47	-0.05780649886746708
18	49	-0.057893027780999
3	76	-0.05807002773398745
13	33	-0.05809936677335842
63	84	-0.058251428001453553
4	69	-0.05840865515299501
33	49	-0.058629555064196426
19	20	-0.058646846909309464
22	63	-0.05873215144988564
35	81	-0.058755233552543806
20	74	-0.05877411168508376
23	52	-0.05885038461257058
20	64	-0.05898583904563731
9	71	-0.058986947315151084
5	54	-0.05913299416095291
35	41	-0.059357400584217734
20	29	-0.059368749012501054
32	35	-0.059390033699163625
11	33	-0.05953733205371772
18	19	-0.05957388081115189
38	80	-0.05961156357748479
31	69	-0.05983579137356272
18	25	-0.05989982733068597
52	69	-0.06001511303162503
8	37	-0.06005574649127013
3	47	-0.06006681284681864
7	30	-0.06006699126416237
6	77	-0.060117420316430414
23	51	-0.06013696586192144
16	82	-0.060234443525650355
13	63	-0.06070374853765881
31	71	-0.06070803647470163
23	58	-0.06074961537897533
10	63	-0.06082877757663524
18	41	-0.06083540325045672
13	18	-0.060881076531342365
60	81	-0.06099465139078081
20	44	-0.06120059775297526
20	27	-0.0612353476025613
17	33	-0.06127639136207136
49	69	-0.06137729577262277
46	75	-0.061530061625128585
56	69	-0.061699455528545694
20	79	-0.06175513613330978
8	82	-0.06184165006838266
5	65	-0.06201505129993734
18	28	-0.062054568385641634
21	67	-0.0625542779994463
7	33	-0.06257035850998804
38	69	-0.06279439416077386
34	35	-0.06291456150706548
24	80	-0.06319963338676207
35	43	-0.06331124634843421
35	77	-0.06348497389268432
56	60	-0.06351247565516233
69	72	-0.06356847746965298
55	69	-0.06361020581132179
6	25	-0.06361740240208139
8	48	-0.06368299368350838
3	17	-0.06377462588044619
20	51	-0.06400580659102667
3	34	-0.06418847955387488
35	39	-0.06431504665502913
33	34	-0.0644504626962717
29	33	-0.06458523455479906
33	42	-0.06461294848109406
35	64	-0.06475476151905851
3	41	-0.06488673273460457
5	75	-0.06506954348770555
18	39	-0.06513700653739385
51	75	-0.06535338366080695
4	35	-0.06544473498078585
5	60	-0.06545656428588845
20	76	-0.06552082722477645
20	46	-0.06571733866183138
5	37	-0.06608296060973451
66	80	-0.06623972165625913
69	70	-0.06624443190710237
26	65	-0.06626391975928467
68	80	-0.066285706993857
33	78	-0.0664909454080776
3	25	-0.06697023136507982
3	19	-0.0674497148613806
33	43	-0.06761643526141903
6	84	-0.06784357734020621
61	80	-0.06789717306465914
41	75	-0.06790223041350762
20	49	-0.06877328505120418
6	83	-0.06899147703486072
10	69	-0.06926249608362466
18	83	-0.06926295584865666
33	51	-0.06937290731117116
20	39	-0.06946332404620606
20	38	-0.06953127205406909
35	42	-0.0695684483796567
55	63	-0.06973146938666741
36	63	-0.06981878914271178
25	63	-0.06994048795736013
9	75	-0.06999413119287334
46	69	-0.07015778965326239
34	63	-0.07026022843747576
7	18	-0.0703076378786198
29	69	-0.0707282748197575
40	63	-0.07152399321833885
20	32	-0.07157464846911506
28	63	-0.07167739399966877
19	33	-0.07202223598803012
18	32	-0.07214496081160324
46	82	-0.07274141909910559
11	69	-0.07331379511486422
33	59	-0.07377363004567589
33	79	-0.07388052685622248
15	20	-0.07409346305018183
20	77	-0.07448133995179615
23	62	-0.0745016753180146
28	69	-0.07471831924374475
46	71	-0.07542168375359959
43	71	-0.07543736814853441
71	85	-0.07564312683026231
57	71	-0.07591888755940396
10	82	-0.07604665031084559
39	71	-0.07612056958900931
4	80	-0.07652264316175555
20	36	-0.07662738459293622
23	53	-0.07725955126776218
47	63	-0.07731114996600989
69	76	-0.07737342808426269
51	82	-0.07740066349606833
34	80	-0.07795355867552578
30	64	-0.07800181648546267
20	50	-0.07810477072255548
50	69	-0.07846745469848879
38	63	-0.0789231008399559
25	69	-0.07944375253891275
18	56	-0.07960626574689475
18	70	-0.08008494261600205
47	69	-0.08015017459652914
44	69	-0.08054223596906647
17	20	-0.08112573903215152
63	81	-0.0811757757142464
4	63	-0.08145995102032223
55	60	-0.08270311463816662
3	46	-0.0829191825887306
33	76	-0.08317495241437672
31	35	-0.08360332313109783
28	33	-0.08405115709282107
23	75	-0.08427927429399007
69	83	-0.08498405564359889
40	69	-0.08513271033943091
33	48	-0.08558616230978111
11	82	-0.08646035105404587
63	78	-0.0866894572743689
15	33	-0.08777782858021652
6	66	-0.08899126034764288
6	42	-0.08952200884026162
21	82	-0.08959594236464014
33	36	-0.08961672289982689
33	39	-0.08975653839499137
26	33	-0.0910113661136937
63	79	-0.09152521463096311
33	85	-0.09153651614598118
36	71	-0.09285654179832806
69	79	-0.09289292642051677
20	40	-0.09296609585107259
24	69	-0.09345308583842592
49	82	-0.09410628162875498
20	26	-0.09437043809821107
15	60	-0.09467627628124392
69	81	-0.09546955373391426
26	69	-0.09590299266909828
18	85	-0.09741935658709902
20	25	-0.1000594068285496
59	71	-0.10319540703328892
29	60	-0.10568709849734512
27	33	-0.12262076800253705
