9	16	0.6761721661490947
1	2	0.4387798566227896
5	28	0.40385283332555666
6	8	0.39294881006378757
2	5	0.3917619336230464
28	31	0.38998412765156126
4	31	0.3899506451193367
5	31	0.3889764814849927
2	28	0.37341237935462446
2	31	0.36978356743099416
1	5	0.36140030460921235
7	16	0.3533578682407672
4	28	0.34928230740140104
4	5	0.3485351520197077
2	4	0.34445795175030136
1	28	0.33973559701882566
10	20	0.3333943720036482
1	31	0.3250003606038515
1	4	0.3016651324787487
10	11	0.26618617721201576
5	17	0.2526097349442458
17	28	0.251341145735193
18	26	0.2503706364684505
8	19	0.2443927694826692
2	17	0.23627278242932792
17	31	0.21735826149221027
6	21	0.18518285373506949
1	27	0.1829460280530683
5	15	0.18017072066148065
8	14	0.1714241409942231
4	17	0.1709554181254156
3	30	0.1654794780669202
10	27	0.16430037769431494
22	26	0.16299249434223984
9	14	0.1595301411961677
11	25	0.1576207842862707
21	25	0.15710472527837493
25	27	0.1544776212769008
15	27	0.15192119465641274
12	24	0.1508755168389211
14	24	0.14636210097981317
24	26	0.1442139126065759
23	26	0.14216640228207833
23	29	0.14168173166628506
13	21	0.14080261792687887
23	24	0.14067541399380556
4	15	0.13763487616176256
6	26	0.13698679636709166
13	26	0.13657193839975545
10	13	0.135856488478578
8	30	0.1343213595994135
7	9	0.13014460963614716
2	15	0.12590730283269536
18	30	0.12583547300597497
21	29	0.12556563832544732
10	12	0.12483453620728846
14	23	0.12414248140862394
15	28	0.12125788522765119
11	18	0.12004450741646866
11	23	0.11774281530128639
15	31	0.11564619436241946
19	20	0.11420266156906056
14	18	0.11072942941236541
25	30	0.10970717241404215
8	26	0.10715734795725695
18	24	0.10688507641393807
16	24	0.10442705492863202
13	23	0.10267871610645474
25	29	0.10191759047602822
6	14	0.10000622755138155
3	4	0.0997780070853399
20	21	0.09947294679025698
22	24	0.09901077412760095
19	26	0.09696405280667764
8	24	0.09650598303150659
14	19	0.09558837968628753
20	31	0.09243102726130326
12	19	0.09234303160903368
3	29	0.09229105999232179
13	27	0.09082814039970755
21	22	0.09066597234318619
8	21	0.0883600205845303
6	19	0.0873671496663021
1	17	0.0825158312787867
3	5	0.08145217980822328
12	13	0.08136097822227983
21	30	0.07972336496326515
11	19	0.07784000056098672
24	29	0.07771696113414406
13	14	0.07706941470868334
14	16	0.07600006208195942
27	29	0.07558347844548186
11	14	0.07481519532013203
12	23	0.07426562752766364
13	24	0.07366869464865955
9	21	0.07334770947932356
19	21	0.07250323585163043
3	28	0.07010021283894141
14	26	0.06916129478314115
6	13	0.06832274126757176
12	26	0.06823993524175265
8	13	0.06747716327822961
10	17	0.06678646108821695
24	30	0.06566875915481818
19	25	0.06445845647906412
21	24	0.06438424426522804
1	3	0.06347106131973035
19	29	0.06285275442620886
8	9	0.06262654658519795
6	23	0.06258765310904069
12	20	0.0620762687341091
12	29	0.06178615313738811
16	29	0.06126063663267989
17	18	0.06052348063351054
23	25	0.06018464282069169
19	24	0.05830949703205979
7	30	0.05644974008414039
19	30	0.056374286059430845
1	15	0.05583205072191327
16	18	0.05538852853710208
5	20	0.054164382023050905
20	22	0.0540266224626641
18	23	0.0536334690058915
16	30	0.0527897269573141
26	30	0.05273083294798009
7	27	0.051465281391198325
13	29	0.05076630090068124
17	30	0.05063895249421202
13	25	0.0500281414976661
9	13	0.04994465887325428
3	11	0.0484087829814116
13	18	0.04786799672937159
7	11	0.047260903305760715
13	22	0.04650782354057281
11	13	0.046282050610677805
6	24	0.046260971514382465
21	23	0.04538801168896467
12	14	0.045096649878852535
22	25	0.04427072555595768
6	18	0.04379188412471491
10	28	0.043656253335819684
9	12	0.042886661152448546
22	29	0.04251340335902132
7	21	0.04249829991539866
25	26	0.0422862188640305
21	26	0.04179855117284503
18	21	0.041617644481712124
22	27	0.0403372402358847
26	29	0.03888014719563504
18	29	0.03859103840906919
14	25	0.03805920911900218
13	19	0.037949408927305806
8	18	0.03741725575669952
6	9	0.03711718803861708
6	25	0.03532411217749454
7	18	0.03531688256853405
7	12	0.035267673674315714
15	30	0.03498824271224099
10	18	0.034850996763931996
10	14	0.034683707233520766
3	15	0.033672604060624445
3	7	0.03358624832694934
13	30	0.033458079845947286
11	21	0.032316091845061456
9	18	0.031930860645644654
6	29	0.03188027475025157
6	22	0.03136066312596264
17	23	0.026477166477141933
19	22	0.026384261845732726
26	27	0.026088496148317986
2	10	0.023871705892664574
1	8	0.023523395955177384
20	28	0.023474409643437333
10	25	0.022641978832665943
11	20	0.022087112156792155
9	11	0.021743621833564375
14	29	0.021521652233972954
29	30	0.020683155920665497
8	15	0.02021958705633975
11	24	0.01981156708413656
27	28	0.018788450005903845
8	23	0.01771382503737895
1	26	0.017003103913950712
15	19	0.01656404713158144
3	12	0.015849378011912885
5	10	0.01502791059120212
6	12	0.01458872574029857
5	27	0.013721601957449758
15	29	0.01318262990411645
15	23	0.012539024608970384
2	3	0.012326399098307905
6	11	0.011407662566999432
27	30	0.010927411191712588
7	28	0.007824566621337181
10	21	0.007487783404573789
7	31	0.007062514287012378
19	27	0.006641289479024981
3	14	0.006346156847645945
9	20	0.006102001853161121
8	11	0.006051304904110322
8	25	0.005566957371997638
3	23	0.005048572521154315
19	23	0.00419997241533232
12	30	0.0032489212186574967
7	29	0.002387307501590219
22	30	0.0016187352842015335
18	25	0.0015745756051900317
18	19	0.0010832805111575805
17	20	0.0005674076372068626
15	17	0.00043905560460183457
14	21	0.00034375467995051423
2	20	-0.001308300382738492
14	15	-0.002198859443437673
18	27	-0.0023327622713444907
3	20	-0.002396942263469537
22	23	-0.0025043403442802648
12	18	-0.00356743408091742
13	16	-0.0036973509144484495
12	22	-0.0037749091213568065
8	12	-0.004098385326010701
7	8	-0.00418388805252623
10	19	-0.004893761788081541
10	24	-0.005715685872615284
3	21	-0.005726888712852207
24	25	-0.006136331075098922
2	27	-0.006150858776833468
8	22	-0.00724181207424035
7	24	-0.007525883525619892
1	22	-0.008435856238981354
4	10	-0.008865768882015068
3	22	-0.00908253214518373
23	30	-0.009512758750515715
3	31	-0.009985121978584144
15	25	-0.010982883350071637
12	17	-0.011158610410525849
3	19	-0.011365340270157787
16	23	-0.012196351052432997
3	25	-0.012806987084091559
6	17	-0.01301954254910248
20	25	-0.01323185948141159
3	16	-0.013394158311177351
7	13	-0.013412221405599278
9	22	-0.01368105176964407
7	14	-0.014032865451627519
15	21	-0.014972126403003161
14	22	-0.015077199457568358
16	21	-0.015504597657891694
20	30	-0.015515648529342063
12	21	-0.015551801660432796
6	16	-0.015733428140563666
6	30	-0.015812900598998203
2	22	-0.01673059756849038
10	23	-0.016874900732935738
3	9	-0.017206033313336033
11	16	-0.01728730975528303
12	16	-0.01845104099343997
14	20	-0.019107911346441964
11	12	-0.019611490351675975
4	7	-0.022026026820155142
9	30	-0.02389954207939693
7	19	-0.024040981466568967
18	22	-0.025138396925645234
16	25	-0.025764518955382343
24	27	-0.02599976256420755
14	30	-0.027083749041240335
2	7	-0.027478557586694097
7	25	-0.027543952656977178
10	26	-0.027915756937012093
9	31	-0.029597206986277047
22	28	-0.029613516187027566
8	29	-0.02962724685909557
3	13	-0.029824716085305902
8	17	-0.030849632680175598
10	22	-0.033864127412785994
23	27	-0.0339012668897426
20	24	-0.034166285998715185
4	11	-0.03461095236158157
9	15	-0.035284836861078306
12	27	-0.0358904497039092
6	20	-0.03716091686062928
4	27	-0.03777210747681381
11	29	-0.03820342306234337
11	30	-0.039223118350895425
16	19	-0.03992939652083982
20	23	-0.03995026871196117
5	7	-0.04025513300207306
20	29	-0.040526654754880154
9	19	-0.040742197837463134
11	26	-0.04172491517028265
11	22	-0.042569074694530196
16	20	-0.04272032959822902
4	9	-0.043014964017289214
8	10	-0.043107049311185586
7	22	-0.04338405615691221
9	29	-0.04341718230397085
20	27	-0.043574375377995356
9	28	-0.044960423205666455
7	20	-0.04508530803395727
4	22	-0.04533708889936505
6	7	-0.04605599899376667
12	25	-0.04749314561067908
3	24	-0.0475739427239843
27	31	-0.048887303781608105
3	8	-0.048963643151515746
6	27	-0.04899820967895174
13	20	-0.04969233393813599
16	31	-0.05051532316246393
4	20	-0.05068117328645194
1	10	-0.05139476148492356
9	23	-0.05230204017653417
17	26	-0.05250912247345191
5	16	-0.052612364880415874
15	16	-0.052830301248255884
17	22	-0.05348326344353044
7	23	-0.05416339726049224
20	26	-0.05605501422446901
2	16	-0.05838057693600335
11	15	-0.05842013636713583
4	16	-0.05846845911095755
11	31	-0.05884761649192455
16	27	-0.059068200376789004
15	20	-0.059090059077938684
15	24	-0.05936521407927864
11	27	-0.05947007217691502
16	22	-0.05947418575867419
5	22	-0.06109918072947601
4	30	-0.06129608811411058
7	17	-0.06353376720922405
9	24	-0.0646527895993354
15	22	-0.06504571529598147
4	25	-0.06649932459007585
16	26	-0.0675216637236219
8	20	-0.068581709402326
1	20	-0.06859111139236934
13	15	-0.06905443201810496
17	21	-0.0691876130896088
3	26	-0.06923841234460282
1	23	-0.0701280632969356
9	25	-0.07021697426572171
3	17	-0.07045348431849896
7	26	-0.07175675890860544
9	26	-0.07177785669320447
6	10	-0.07182741424997907
10	31	-0.07275478482254488
9	27	-0.07306460624740907
11	17	-0.07351694847635959
8	27	-0.07421587327093515
13	17	-0.07563014538116625
7	15	-0.07569714190340976
16	28	-0.07966797483788995
15	18	-0.08140592602796304
17	25	-0.0815498912338039
10	30	-0.08284874493978456
7	10	-0.08316880194092158
3	6	-0.08368284926139247
2	9	-0.08496812172890539
8	16	-0.08552340041758921
4	12	-0.08848886524571226
12	28	-0.08872521984948517
6	31	-0.08983408924823166
12	31	-0.0900958336223801
12	15	-0.09219911060831854
14	27	-0.09301398458206411
1	12	-0.09316390824253151
1	29	-0.09336414584003555
17	19	-0.09684162112336969
5	9	-0.09849747381700852
3	27	-0.09850823526745667
18	20	-0.10094089494275116
22	31	-0.1013555070505624
1	7	-0.10312010434016355
3	18	-0.10367665806253468
17	24	-0.10397083668500373
10	29	-0.10431374643830027
21	27	-0.10488270507863517
25	28	-0.10666414708055294
5	12	-0.10774203157471102
4	6	-0.10859711440361736
18	31	-0.10874205183815877
2	12	-0.11071990598951059
4	29	-0.11186963212057627
2	29	-0.11198014064705203
29	31	-0.11310413048223741
1	11	-0.113997518697456
17	27	-0.11425522330596116
5	29	-0.11512970384757354
2	25	-0.1169522459392513
10	15	-0.11727351920266321
17	29	-0.11800612110542247
2	30	-0.1180939291068695
4	19	-0.11817525285870512
30	31	-0.1186448450377327
1	18	-0.11892941886880781
9	10	-0.11940629073562758
24	28	-0.12177484361199947
3	10	-0.1221591545675012
9	17	-0.1232811757549489
5	25	-0.12456623106579912
28	29	-0.12493632981460348
25	31	-0.12545204714540958
2	6	-0.12608550485938305
2	11	-0.12693483370180653
15	26	-0.12884144955917032
1	6	-0.12918588215925608
5	11	-0.13009943653259737
5	6	-0.13305371717820366
18	28	-0.13398459443726207
2	19	-0.13443072926316452
11	28	-0.13556238785157754
1	14	-0.1359472613617313
5	23	-0.13657652523605418
5	18	-0.1367508417971926
23	28	-0.13854437511317652
1	30	-0.13946883208877137
6	15	-0.14092437383262696
2	14	-0.14101102312034391
28	30	-0.14501823047537438
4	13	-0.14589593035627596
14	31	-0.14939410367710282
5	26	-0.15015543886675248
14	17	-0.15398537604108015
4	18	-0.15403108136111515
1	19	-0.15545047607867185
1	16	-0.15600279625397587
1	24	-0.1581949587472024
2	13	-0.15822231136361797
19	31	-0.15933909699657403
26	28	-0.15973177769153857
2	24	-0.16044057920977386
4	8	-0.16122466512419648
1	13	-0.16519179396184147
16	17	-0.16531980421966647
2	23	-0.16688037706906297
4	23	-0.1677590207464463
23	31	-0.16778397728705685
1	25	-0.1679331153587082
5	30	-0.16862912203895186
2	21	-0.1701059590178333
4	14	-0.1702578716147287
24	31	-0.17088460895583943
5	24	-0.17179678857855019
1	21	-0.17187528334376623
26	31	-0.1727733898374566
5	14	-0.17309925948970734
5	19	-0.17542913146293734
8	31	-0.17578653721915455
4	21	-0.17739003934426475
13	31	-0.18111751567598802
1	9	-0.18151660021726118
14	28	-0.18242682348076117
5	21	-0.18710692229825554
21	28	-0.1874849224026576
2	26	-0.1882519296441369
6	28	-0.18938204527754648
19	28	-0.19259211759312697
2	18	-0.19293342183722173
4	24	-0.1950537773045283
13	28	-0.20614801850576983
2	8	-0.2066917513192563
21	31	-0.2093812240301232
10	16	-0.20986332443984185
5	8	-0.21669930498696863
4	26	-0.2198835893101856
5	13	-0.2198934936003266
8	28	-0.23241215172976884
