10	23	0.29809717361148313
16	23	0.29782256382693745
6	16	0.29702655075837475
10	16	0.2897462050265224
6	10	0.28858069906656875
6	23	0.28176137273520196
8	10	0.2817436270222608
8	16	0.27661990376422174
6	8	0.27567643231903766
8	23	0.27237784050526515
10	21	0.258477176308576
2	7	0.24005227956457553
21	23	0.21088483715531792
6	21	0.2107765239995955
1	23	0.2044971383620185
2	3	0.19845945188762543
1	16	0.18928747237148297
7	15	0.18488719802505216
4	5	0.17876001990236517
6	14	0.1767845035196442
8	21	0.17410610670508886
5	20	0.17394567165737673
7	18	0.1730638954203209
1	6	0.16430523704874334
13	17	0.160785250854508
14	23	0.16029875591794246
8	14	0.15827657243187876
3	19	0.15659301754886873
5	14	0.15270182455046588
16	21	0.15123512479526774
2	18	0.14706606331683258
15	22	0.14562733892386265
2	4	0.14399178932667822
19	22	0.1400768965286282
1	10	0.13690992587841477
4	12	0.13531605382256395
10	14	0.13349788222555165
3	13	0.1285753038254015
1	8	0.12466975546085246
14	16	0.11702095206656077
3	22	0.11694113970621584
7	19	0.11206216715289924
3	20	0.1112976540597308
3	7	0.10715374230497177
7	20	0.10641862378302097
17	22	0.10322759798844028
9	11	0.09749307168656002
12	18	0.09421194651739345
3	12	0.09175240874960716
11	20	0.08918273534069165
12	19	0.08890348892058375
19	20	0.08820654161181052
17	20	0.08718926290427786
5	15	0.08506133376102665
4	7	0.08497978936320044
4	22	0.08354948844170573
5	7	0.08349447705688273
11	22	0.08211956272549459
4	19	0.08081211148080103
3	18	0.08077480274972831
4	20	0.07881641431355924
2	17	0.07500337495698173
12	15	0.07312794579729481
9	23	0.07004554177972844
15	18	0.06842483535439792
7	22	0.06819485368772726
3	11	0.06769680544005635
2	15	0.06759097520050378
12	22	0.06553374567483788
12	13	0.06490781682371077
9	10	0.06405019538679813
18	20	0.06288323191965162
7	12	0.06252337403393299
15	20	0.05909267977653904
13	22	0.05875193409600343
11	12	0.058534014202295426
5	22	0.05797269585842124
6	9	0.05775929802568913
9	12	0.057540422642518185
12	20	0.05573724465736207
15	19	0.05550264980547609
2	9	0.05410178259577203
11	15	0.05332330240807964
2	20	0.0529342580193739
12	14	0.045973921989864885
4	18	0.04513282578203637
3	9	0.044413938805850206
18	19	0.04248744035566354
12	21	0.03416024422084413
4	13	0.032732633776726916
17	19	0.029440826447788615
13	20	0.02907900073994646
2	19	0.02871534113749946
13	15	0.028555651796723813
20	22	0.026661744763839812
5	19	0.026207391844465744
2	22	0.02395207108127151
4	9	0.02378020294524219
5	18	0.0237771755162432
1	22	0.023562873491141445
5	13	0.021311537364768818
18	22	0.015984260525075178
7	11	0.015844989901825868
1	21	0.015361113723040665
14	17	0.013648605847098039
5	12	0.012871878932679881
17	18	0.009208235191783931
11	19	0.00863607459618393
4	17	0.006727640693385495
3	4	0.0063911889081614826
11	13	0.004098577474062726
11	23	0.0030397366231738054
14	20	0.0027642664707899778
1	2	0.002308621815631906
6	11	0.0016956445603802939
5	17	0.001510324853585876
4	11	0.0012598062620196582
12	17	0.0008750066040197346
11	16	3.191317744172251e-5
9	17	-0.0016731925259644842
9	14	-0.0018470080311750459
2	13	-0.0018610121036851668
13	19	-0.002116743777380359
1	17	-0.004256451889481927
3	15	-0.009764927481286101
13	14	-0.010328560548790833
1	9	-0.010661471769813968
4	15	-0.012388886204785565
10	13	-0.012961813641834408
9	20	-0.013422447053114295
7	17	-0.014628308015677494
9	13	-0.016834368538449884
3	17	-0.017715080368142677
6	17	-0.018641226883352957
11	17	-0.019193545955146718
5	9	-0.020869170079665933
2	12	-0.02418126463419784
8	9	-0.02447606357308596
11	18	-0.027051789757849054
1	19	-0.02758814990671654
10	11	-0.028845936836690234
8	13	-0.02957076673686082
14	21	-0.03046823697316159
7	13	-0.03174912718438555
9	16	-0.03205601394309954
2	11	-0.0322538826138572
3	5	-0.03233318976502897
2	21	-0.03369834079271178
7	9	-0.035063691994878854
21	22	-0.038622745072539044
9	15	-0.0396221920147623
1	11	-0.04053612309999338
3	21	-0.0411258471760369
1	18	-0.041605276134354774
14	15	-0.043042407431468754
9	19	-0.043996583109601944
5	16	-0.04485865053799615
2	5	-0.046983433842989475
9	22	-0.05194649100867671
1	15	-0.05218268222351624
15	16	-0.05276573088076564
17	23	-0.0547990438965274
6	13	-0.05569346889357579
20	21	-0.055786846992775474
13	18	-0.05713570925340866
13	23	-0.0576140213840548
16	17	-0.05939185804731911
18	23	-0.060253972236567366
8	17	-0.06044499811199372
9	18	-0.061524768389841444
13	16	-0.06225401893482352
10	18	-0.062876082871126
1	20	-0.06441678156372838
18	21	-0.06442939381091123
8	11	-0.06457042122261952
11	21	-0.06566377251012923
1	5	-0.0683591014255398
19	21	-0.06870876220074024
14	19	-0.06881589190645898
15	17	-0.0702451221794233
1	4	-0.07197321450654265
1	13	-0.07291090478083506
17	21	-0.0756152259681751
1	7	-0.07681604306101686
16	18	-0.07690508749107361
5	11	-0.07743067884923405
1	14	-0.0793067535250021
15	21	-0.08152160889872534
1	12	-0.0819990877337875
7	21	-0.08375601505956609
10	17	-0.08790536811211458
10	15	-0.08823134304215091
6	18	-0.08921189406201097
8	18	-0.08985431334141658
4	14	-0.09452198470947859
7	14	-0.09470959224794978
5	6	-0.09497475740310407
5	21	-0.09601442134533361
2	14	-0.09667479729795497
8	19	-0.10055432593786237
4	8	-0.10366234197134433
5	23	-0.10548499434559416
4	10	-0.10640188056980387
4	21	-0.10873235650722901
11	14	-0.10929536244741267
5	8	-0.10997593994698984
3	14	-0.11029059556478427
8	22	-0.11069232591497913
13	21	-0.11244417608520307
14	22	-0.11526139119603626
14	18	-0.11672219416572199
3	16	-0.1200191969406827
15	23	-0.12049596767411697
6	15	-0.12098678784340339
5	10	-0.12140282528090296
2	8	-0.12187234409873327
6	19	-0.12209357269301474
4	6	-0.12305589217281415
8	15	-0.12342014469798035
9	21	-0.1250890835723556
3	8	-0.13263472761246756
4	23	-0.13514715351521983
10	19	-0.13943747920889163
4	16	-0.1402600972153331
16	20	-0.14085032143255505
2	16	-0.1447843437103633
2	10	-0.14622230205409498
8	12	-0.14773939130143882
2	6	-0.14780664494544354
3	23	-0.1503406140752607
12	16	-0.15335644557365952
19	23	-0.15745288779763242
3	6	-0.15867473926883982
7	8	-0.16087560758731745
2	23	-0.16699031301797762
7	10	-0.16889153388964737
10	20	-0.16937604379867183
1	3	-0.1707469962301224
22	23	-0.17106636235976422
6	22	-0.17433163759511358
6	12	-0.17658238495683304
16	22	-0.18019837574779574
20	23	-0.18480427392208118
7	16	-0.18575168673938078
10	22	-0.18826114206341177
12	23	-0.18853940005400505
7	23	-0.18968589108821302
8	20	-0.19006325634278212
10	12	-0.19492059061411127
16	19	-0.20096178108887286
6	7	-0.2022820911462252
3	10	-0.20374247979889443
6	20	-0.21625385995112362
