23	43	0.5327053756812471
10	51	0.37556821993179856
15	19	0.3731798371497782
65	66	0.3710050709697651
8	43	0.3428561535452949
27	41	0.3232384883519077
51	55	0.32314831375928643
5	12	0.2725776192538142
20	47	0.2689720153653874
32	36	0.2673614518008796
22	39	0.26248086918841135
7	56	0.2622056531153498
12	53	0.2560557039386303
35	39	0.24814919052855103
6	9	0.24606275104208003
6	11	0.24514611875283757
17	18	0.23971159506208062
42	46	0.23382877219704185
2	4	0.22981729324457054
9	57	0.22942224983006843
18	22	0.22606248502897597
16	61	0.223915971955795
32	33	0.21886028692513082
33	36	0.2163664569392308
6	18	0.21555677639133414
24	44	0.2141068777681798
11	66	0.21118197148414183
10	55	0.21043224188504644
17	43	0.20903742348605842
26	36	0.20892182328146322
12	46	0.2067000246664631
23	40	0.20533152276687555
31	32	0.20490009540798862
5	58	0.20258161490605878
17	46	0.198167212653246
9	18	0.1973354978241983
10	12	0.19218430636664702
18	46	0.1919118719061077
19	39	0.18855577818879346
10	16	0.18854119276561093
19	53	0.18431182285702716
5	10	0.18295748634644368
29	36	0.18184628256135324
3	46	0.1800188675604264
6	13	0.17540190080467827
16	43	0.17277956436085384
18	42	0.17227979358169432
38	42	0.17175501082926092
3	9	0.16917165813945767
27	44	0.16869265046481957
15	39	0.1685236869062797
14	64	0.164119341459133
7	61	0.16361693924130616
19	47	0.1620366792817856
8	12	0.156382115870684
28	29	0.15575010169236947
11	65	0.15556130820706035
17	24	0.14986531869598413
43	59	0.14606005390056837
47	51	0.14447534347109076
50	53	0.1443647831627022
4	12	0.144276586171167
27	40	0.1436341903855918
15	50	0.14291022045692536
43	47	0.1422594625636429
13	34	0.14210355329580823
14	26	0.14190077554836716
23	44	0.14132443711985054
5	53	0.1411219723632727
22	23	0.1409660352326298
21	22	0.13623671923461267
13	49	0.13413722335519568
27	37	0.1339520584389017
32	35	0.13232108959314748
2	11	0.1305604276982165
51	61	0.1278444760341181
5	14	0.12338491098805907
60	61	0.12322278489230959
9	49	0.12292460310613806
22	62	0.1228970345785873
55	62	0.12283558982250262
5	55	0.12192692386670517
40	63	0.12191826009161397
16	23	0.12123619185514167
12	40	0.12076214315255152
14	55	0.1202285322586869
24	43	0.11991905093619515
22	59	0.11987038946469528
14	21	0.11931217726282367
6	49	0.11897892669643167
15	54	0.11829058005548859
2	50	0.11770679236992207
20	23	0.11697845451040106
17	50	0.1164448992505705
12	14	0.11624153196403739
43	61	0.11612107121837745
31	36	0.11539309735416495
64	66	0.11417418777462393
20	48	0.1134224160488096
22	46	0.11216020088443607
20	51	0.11146131498077594
46	51	0.11091334482588139
10	61	0.11055784477014036
10	15	0.11013852957727238
30	32	0.1098665626692174
63	66	0.1098186916556424
26	40	0.10835770887655341
60	66	0.1079511339781899
11	21	0.10710990470141066
13	58	0.1069961970086572
1	7	0.10493273522034302
9	50	0.1034240660240398
21	39	0.10335272418025476
15	53	0.10332395932758806
25	39	0.10206433364599127
7	62	0.1020088635746523
11	53	0.10188944614159784
54	57	0.10106043221611052
63	64	0.10101550584586041
13	14	0.10099221477400794
10	23	0.10053883158677623
37	41	0.10033892280222748
19	21	0.09992950122985372
3	62	0.0992566825288344
2	3	0.09843127722767817
7	60	0.09837667359687607
22	42	0.09798212241603066
45	56	0.09769203783381908
11	25	0.09754405886425835
5	9	0.0974459257180618
5	21	0.09727053684016171
31	33	0.09670762748833497
2	25	0.0964753587675686
7	59	0.09566019279757518
6	51	0.09554467357416124
18	25	0.09546644061433873
1	17	0.09349888995426481
45	46	0.09329507342551102
34	37	0.09311800081161525
13	21	0.09273215507019059
11	26	0.09267866366010155
13	62	0.09256634849416118
40	44	0.09152199522813836
27	39	0.09138939772585233
12	20	0.09095364082132112
14	66	0.0900395041217801
6	60	0.08952602775807961
8	59	0.08857734351602367
56	61	0.08778909275037522
40	64	0.08761361641470675
22	47	0.08751081862565357
3	43	0.08748909974607644
3	22	0.08730596206962626
1	2	0.08723762635018806
21	58	0.0870890002106118
50	51	0.0868666972360429
62	64	0.0861350351574344
29	30	0.08607032968997994
5	15	0.08555474671894192
23	29	0.08539379271495981
7	8	0.08530037143569197
12	39	0.08509909301589091
13	56	0.08443398294671528
55	64	0.08406505634293779
13	16	0.08396423253853777
41	45	0.08375181942599008
14	54	0.08346058419792468
1	59	0.08331528916326891
17	63	0.08306127772133332
14	58	0.08305632470521884
30	36	0.08272149658540356
8	39	0.08266469104924035
20	50	0.08260727980319515
16	63	0.08243070417983234
46	47	0.08210528694019414
29	33	0.08198685259932931
32	34	0.08156536429419808
32	37	0.08095626423121094
6	63	0.08043964360033193
22	58	0.0802516053216227
10	37	0.0800679203404977
15	58	0.07937498450366412
15	40	0.07876765136363403
20	29	0.07862035782167323
3	57	0.0785926889531112
1	38	0.07836865929499887
11	58	0.07820745040731719
21	64	0.07785432224355404
24	27	0.07778955110527302
12	51	0.07759643992371185
52	56	0.07678912327639409
17	25	0.07610187950217268
11	19	0.07588436642557617
58	66	0.07585698652669795
15	21	0.07581749683408828
47	49	0.07542564005979491
14	15	0.07533343308106494
33	34	0.07518401504521402
43	53	0.07436373773204091
11	14	0.07435515564636502
57	64	0.07428333970150425
12	49	0.07385163297268404
28	36	0.0737623548278655
43	56	0.07366803716300141
24	32	0.07360553892122118
29	32	0.07271962116593839
44	48	0.07259526885121342
9	17	0.07235063109684425
55	66	0.07216750406611033
11	15	0.07213377661894366
23	47	0.07193949733576693
47	50	0.07129802885687625
2	53	0.07124613292379409
35	38	0.07093276029540671
51	57	0.07083200994022062
6	17	0.07074548860724678
50	57	0.07017021082241631
43	60	0.07008851388090492
16	34	0.06986972038512018
26	58	0.06959547311841147
34	35	0.06932838589331655
10	11	0.0691549698963313
15	47	0.06902384541527279
8	25	0.06892804107990896
4	42	0.06816893881837047
48	52	0.06784878083954463
53	65	0.06776075825072458
24	28	0.06750593528748311
12	62	0.0673868997095643
11	39	0.06716731850406046
30	31	0.06666019087632641
37	38	0.06662999619935872
44	62	0.06610306157260823
6	66	0.06593373941514125
20	44	0.06569174767697705
2	21	0.0650629670281623
64	65	0.06464475490798269
1	18	0.0646223580411032
8	56	0.06416680702050509
54	63	0.06389445638028002
19	43	0.06359304570560412
42	62	0.06357746669627512
40	43	0.06337561885759968
8	64	0.06312650131416145
43	46	0.06305381363760143
40	66	0.0628907136684565
17	60	0.06276359114274993
13	66	0.06262928460581701
13	15	0.06185633838573967
15	63	0.061801583841791435
35	49	0.06171046060395019
53	58	0.06161505422486721
32	40	0.061577053128766795
25	40	0.061338136596380266
9	60	0.060959779320806595
55	58	0.06089296854071791
31	37	0.060821285107837214
47	57	0.06079775294374323
35	62	0.06022043941983607
45	60	0.06010072593518742
3	8	0.06002147583469741
11	40	0.0599928164071418
14	40	0.05983343809608699
1	4	0.05975563181848961
19	58	0.05971340941664152
49	60	0.059646372313645
26	39	0.059463721327134456
18	49	0.059371797139468385
19	49	0.05933699308486223
3	59	0.05931199622215616
13	55	0.058888779288229
3	6	0.058536499931342745
11	64	0.05790438937259951
20	63	0.05783786686901368
21	53	0.05746543325300904
1	9	0.057454036454953866
38	56	0.05734949967213829
37	52	0.057289610752925185
36	37	0.05719417533491711
3	17	0.05718155159385474
6	21	0.05709000785151647
26	32	0.057053377296788665
5	26	0.05693641732462662
41	48	0.05634903259582863
21	40	0.05593067929424578
3	13	0.055710867989197194
46	49	0.055466307695068384
5	51	0.05532884562437462
37	44	0.05521796080338395
27	47	0.05517015455595706
49	52	0.055087592263544594
19	56	0.05503410560919808
21	54	0.05464791892759818
34	55	0.05453845404777635
6	42	0.05447430212501703
13	26	0.05444454460135531
3	51	0.05431391943423558
33	48	0.054268827971772404
19	62	0.05422606315709358
12	50	0.05402599241498485
11	54	0.05359141982811455
2	5	0.053470917981494226
59	60	0.053366202812432345
4	5	0.05327747277514633
18	65	0.05317529471522564
38	41	0.05289051566512007
8	18	0.05262014532449699
8	24	0.05254694867107129
4	13	0.05251766438732819
5	19	0.052371011265894496
12	56	0.05198283789082936
10	64	0.05144479282374309
56	63	0.051269919921252904
39	63	0.051197188228287116
4	56	0.05116138323210567
8	51	0.05097371623039229
23	54	0.050921476161409046
28	37	0.05076553220178964
15	65	0.05053117352988412
5	8	0.05045987994239001
9	46	0.05035437068006082
21	57	0.050258728508956185
50	63	0.050158784299475234
10	60	0.04994008719562315
29	31	0.04984198370239404
6	46	0.04950531081194087
35	57	0.04922303925910404
24	56	0.049175321124818816
54	58	0.048823430088543646
28	35	0.048818453426628716
46	60	0.04870665459061979
26	31	0.04870283847745158
30	33	0.048666788571246344
20	24	0.048385150390231446
61	65	0.04815609324372319
16	65	0.047523222867742854
10	19	0.0473895328283043
7	20	0.046944557895442274
38	65	0.04682707702370484
14	19	0.046637673497119836
11	50	0.04649091835905586
2	56	0.04644141505283206
32	42	0.04641502264762004
10	50	0.04623449778002697
25	42	0.04606127197674867
5	11	0.04583564242767951
21	26	0.045830804374133366
58	64	0.04578781137409904
1	49	0.045761493625995214
5	22	0.0457218716349046
16	54	0.045641278002168384
28	30	0.045210511758758454
59	65	0.04504790365225256
12	54	0.0450116386987387
41	44	0.04498048910270622
31	35	0.044950925571003164
2	12	0.044891403122234885
61	66	0.04444616584568287
34	61	0.04440515308352
1	50	0.044352282221327366
30	35	0.04433672043197237
17	47	0.04398575441069674
25	29	0.04393945341741656
31	34	0.0438990312926352
37	45	0.04374299658488229
57	66	0.04356406487648848
55	59	0.04347716282348685
46	57	0.04326905902501882
10	25	0.04323419969385259
39	45	0.04321242302768971
6	25	0.04319521892041417
54	65	0.04307995817390198
27	28	0.04294163170211268
54	64	0.04290606308219394
17	22	0.04269778501163085
19	54	0.04262674798027544
44	45	0.04261887173560594
18	56	0.042606038366782395
5	50	0.04259787628348216
35	60	0.0424211318642011
3	52	0.04216926593866602
58	65	0.042122477349806564
10	21	0.042065420635810424
17	20	0.04204240988333302
21	43	0.041909305755208015
20	43	0.041309538579497984
8	55	0.041216727927187224
56	60	0.0411710579129167
24	50	0.04097919569780259
2	63	0.040626385334333354
4	7	0.04061642879860056
40	41	0.040479033117732155
34	56	0.04045250482289456
18	20	0.04032200656868001
7	13	0.04020224688551083
41	52	0.03979658981491643
57	62	0.03956069254057032
17	61	0.039535028085055435
9	22	0.039454589216096236
42	47	0.039301505833701234
29	37	0.038831086069526816
16	32	0.03881985521110637
10	58	0.03869456578400618
26	27	0.038690041961126714
8	13	0.03868556062052225
8	60	0.038411961995507726
13	65	0.03831577808528919
38	59	0.038116346207989926
3	48	0.03792525841957001
35	52	0.03782563625563065
28	48	0.037729007744329524
20	42	0.03746444888553818
21	62	0.037455666859330494
28	44	0.03729496516823061
17	54	0.03710022556036005
1	65	0.03705489093737688
35	37	0.03695749160651768
10	14	0.0363716422887691
33	35	0.036155770505269746
20	66	0.036147989486462306
21	51	0.03594739108169917
10	34	0.03576246591629845
28	45	0.03562971566674675
3	45	0.035600709320606744
28	41	0.035514348682340824
27	30	0.03539533708502787
25	49	0.0353191631086803
16	33	0.03486294305799095
28	39	0.034848528527004846
5	46	0.0347871950726428
33	45	0.03477678519204164
2	27	0.03470985670475504
4	8	0.03449888025872838
2	34	0.034425880426995153
4	45	0.03439133920377799
3	64	0.034329481847748367
42	52	0.0342148243391627
23	27	0.03408517183860921
16	20	0.03399064887181302
59	63	0.03398586987323615
46	52	0.03392778376640318
2	28	0.033826184351727545
28	31	0.03378211081950261
27	65	0.03361202189641868
30	48	0.033447798823773245
28	62	0.03343799380979684
31	38	0.03320207188923485
7	19	0.03317801059236222
54	62	0.03315467833110339
35	48	0.03296662094255423
37	48	0.032957999948259126
23	61	0.03293530673340961
31	41	0.032698135699025244
31	45	0.03269781079865783
36	48	0.03253889076652541
12	29	0.0325150215358406
17	29	0.03245305871201987
25	48	0.032354147470632505
15	25	0.03223850580569029
15	64	0.03198459873430917
8	61	0.03196193427238769
37	43	0.031884113000069075
37	42	0.031822535273153596
36	42	0.03169668534909276
38	45	0.03161439818341921
33	44	0.0314090531283856
11	55	0.03134038235427869
29	35	0.03117754175407189
2	23	0.031138498202250786
9	51	0.0309612021745847
14	57	0.03088339194093398
38	52	0.030870221205575588
52	55	0.030864340503849452
15	24	0.030732659645702903
17	44	0.030591144125519998
28	60	0.030556987373768496
3	18	0.030447949895086424
9	64	0.030291051756509008
38	48	0.03020470314649018
30	37	0.030119639239616608
1	3	0.02995131195516787
24	57	0.029949785070845975
16	66	0.029653444852282773
16	40	0.02962187038082098
37	39	0.02961077425607922
4	64	0.0295265324383438
23	49	0.029519807425949285
53	57	0.029515643165936106
27	62	0.029381424489255348
28	52	0.029361970789921366
14	53	0.029275497671140627
2	30	0.029063473952594537
18	57	0.028844524761299895
26	66	0.028724526822833607
33	37	0.028504322262806525
26	53	0.028172431924172764
44	52	0.027547681558229065
5	65	0.02754144661802596
32	44	0.02747363390875851
5	13	0.027350962810458873
26	28	0.027211012836705573
31	44	0.027066744386028352
30	45	0.02698524948689729
61	62	0.02689407471942465
56	59	0.026856811494861688
19	61	0.02683156874965223
40	55	0.026827731924412984
7	18	0.026750535978079415
19	35	0.026704517708493358
17	19	0.02640166629431434
6	14	0.02631291554625423
27	31	0.02616306111736927
16	50	0.02611331289873209
11	13	0.026032638452141488
52	59	0.0259631050955606
17	59	0.02581211581127868
30	41	0.02562957790756204
24	30	0.025511140221859047
22	26	0.025400195611900933
18	47	0.02536854843756392
18	38	0.025358652847287
16	51	0.025341707953963566
41	63	0.025262640159760763
42	45	0.025245755551674326
41	42	0.025238919507684338
48	64	0.02513672475484155
36	39	0.025124166091497452
6	38	0.02505273347024803
42	48	0.024994475154005658
35	42	0.024900547584353228
33	41	0.02482782622312693
15	56	0.02466331772652014
34	38	0.024657074145646385
6	65	0.02460519141751144
25	45	0.02430704353501717
13	19	0.024262862589153944
14	35	0.024244578375543363
30	56	0.024223307405735917
45	48	0.024188034995698382
1	66	0.02412349387175544
20	57	0.024087030114900265
3	65	0.024031828691107926
38	44	0.024015953397051676
34	41	0.02400635185803726
21	63	0.02397932042288875
25	28	0.023812515885210134
1	39	0.02374991041285704
1	6	0.02353381558321055
17	21	0.02337175166529079
36	45	0.023351831813964996
19	66	0.023339490306877014
55	65	0.023235025954619237
16	30	0.02311135921412036
51	66	0.023072945991158222
31	50	0.02289093528341904
23	31	0.022868528398654414
33	52	0.022796934138716696
25	35	0.022744703020821377
39	64	0.02261994096228087
46	58	0.022559935071934323
30	44	0.022366762618263702
10	56	0.022202965827980814
9	41	0.022201222453973324
24	48	0.02212912448056542
1	47	0.02207927565560741
3	55	0.022061754096922376
20	45	0.021978591283755983
45	61	0.021972200055680624
37	62	0.021708932252901658
8	9	0.021601199928727943
57	59	0.021545111155488295
17	49	0.021480524572363158
30	52	0.021476637486773587
27	52	0.02142091149466449
2	45	0.021395039829498835
47	66	0.021223040279370664
52	61	0.021182738323519856
39	41	0.021115879909313656
38	53	0.021053748155132446
22	36	0.02088281684114937
29	38	0.02088151455171966
28	33	0.02081386911515501
7	65	0.020805627900908286
30	34	0.020715583000617904
39	59	0.02058573978376843
31	56	0.020539921639678382
48	49	0.020432916174044857
32	41	0.020406754329987342
29	54	0.020333958855999923
14	24	0.020163968089714462
34	65	0.02015002451283371
49	53	0.020103750521726943
47	53	0.020046138317839413
5	64	0.019989340839447645
21	47	0.01987478250299196
1	56	0.019850250152523313
30	65	0.01982629637213429
7	14	0.01981698829296641
26	57	0.019777167915160876
3	49	0.01974041751853181
12	63	0.019716078670758308
15	35	0.019620555835803882
25	54	0.01958351036932829
15	59	0.019574582599783286
30	49	0.019387891360430398
22	60	0.01937437968715533
1	26	0.01930643570283297
19	60	0.019258837290460823
12	19	0.01925186041944882
24	25	0.0191567256326777
58	62	0.019089940186811816
1	63	0.019007109524210947
20	46	0.018986814258844187
16	19	0.0189016457260327
36	50	0.018862058970070428
4	50	0.01883586300676368
26	29	0.018727936314011234
31	48	0.01867098017582841
49	57	0.018651201010863483
27	36	0.01863094178720298
26	33	0.018615919177797147
9	16	0.018606057210466598
22	35	0.018528199617316388
18	23	0.01852133877580131
22	49	0.01850892802287274
32	52	0.018497890218107743
7	55	0.01847535858266608
13	18	0.018326110202951884
5	57	0.01829365244075304
4	38	0.01820449258012749
7	32	0.018000603230242884
36	40	0.01782956126273369
17	56	0.017820421212514537
22	29	0.017693541066384377
26	37	0.01762423997303278
48	55	0.01740399652885269
34	48	0.01728709235752801
51	60	0.0172600809387094
23	50	0.01706804685380814
14	17	0.017065884256660085
45	51	0.017005107726945246
30	42	0.016938238668498334
10	57	0.01683934710037205
3	21	0.01670407872857535
13	54	0.016618478960962774
15	26	0.016543821138122028
37	59	0.016492114641236094
7	39	0.016451664754923878
24	63	0.01635918592079169
45	52	0.016358445383498038
9	24	0.016294813276578113
14	63	0.01629184395452954
25	30	0.01624932825509809
9	40	0.016186089656001934
28	32	0.01618529918673986
30	60	0.015915982787029548
42	56	0.015853445952809908
29	44	0.015841176702665466
44	47	0.01583610291979859
36	38	0.015740248378771693
20	36	0.015720871541491238
27	29	0.015659364837931566
4	55	0.015635810192673516
2	14	0.015559540772670966
48	53	0.015536574696651706
23	48	0.015453917665569
4	20	0.015394217032867252
7	47	0.015382383795021048
40	50	0.015159170469220107
33	38	0.015054313250100732
4	25	0.015051744256126987
26	42	0.014918199030512114
10	13	0.014915801996989664
45	57	0.014827637138893068
41	62	0.014777936167893496
2	64	0.014660948059895568
5	63	0.01462367213146265
46	48	0.014606649090956797
27	38	0.014374355481039797
55	56	0.014301542238940979
3	66	0.014252194321496353
13	51	0.01421849523599647
15	16	0.014152832319131475
25	46	0.014111810480612885
24	29	0.013957249288718998
5	54	0.013839840790612984
16	59	0.013805420910286331
7	42	0.01377248212931903
45	62	0.013498668692070587
11	34	0.013481438571039839
37	54	0.013057820583442958
1	53	0.013027986320109208
4	36	0.012957977258542502
48	62	0.012911214676183808
43	48	0.01289256531908689
43	58	0.012802546509958684
12	59	0.012784442690499997
31	52	0.012737446152977616
59	61	0.012630287391086487
2	40	0.012350532610710147
7	38	0.012335417436686508
6	59	0.012235058758151618
27	33	0.012132412118057462
25	33	0.012037893558528356
17	57	0.011947990332311975
8	14	0.011939284224970426
3	33	0.011893817958725378
15	34	0.01185629906242383
13	37	0.011747341231977348
28	59	0.011705088853102563
10	53	0.011699939191969572
4	35	0.011654264781871426
19	65	0.011647765264820253
34	62	0.011618473119260786
34	36	0.011297124378840895
13	57	0.011141390555756081
7	10	0.01113911264601114
36	41	0.011095498851777241
2	52	0.011073926970477876
16	42	0.011019812183749367
17	45	0.011014113573295181
61	64	0.010958958303803973
29	57	0.01095606388720588
6	62	0.010901651992042655
9	20	0.010869094806255308
27	43	0.010812152831677468
23	28	0.01071847078785787
29	48	0.010704014305114917
19	26	0.010681811477184389
7	45	0.010644893584634385
22	44	0.010521243550572379
3	34	0.010438791821111265
30	38	0.010373278434199273
4	6	0.010337050848269552
42	59	0.010322695322897424
24	59	0.010291792069966527
28	42	0.010258215464849008
28	63	0.010241597465501268
7	51	0.010126168007120295
42	49	0.009952217194767882
7	16	0.009897761239635927
33	65	0.00986955034603293
9	25	0.009866828796219973
7	15	0.009837349327720346
50	65	0.009710487640453846
49	50	0.009684505946902122
20	21	0.009678044583550455
28	38	0.009647577136331825
16	41	0.009548080637233974
18	24	0.009462159751447263
37	51	0.009416340009608143
49	59	0.009305022635413496
4	59	0.009293848418723993
34	60	0.009189929110419937
57	58	0.009178192924834516
7	37	0.008960001646064836
24	64	0.008822995190198468
16	25	0.00864768149289985
23	41	0.008478559602112329
39	42	0.0083826643872765
16	36	0.00825480793105196
44	49	0.008180929228770895
1	5	0.008173723795255397
23	25	0.0081012189073002
41	49	0.00807023680611249
20	60	0.008024159928225638
50	66	0.008004018813553143
16	49	0.00799889917627028
28	47	0.00793681411373684
2	26	0.007889527922079975
7	43	0.007855480939285175
17	23	0.007770003352262689
4	31	0.007715840329943019
8	35	0.007705952743656347
2	54	0.00748406938619231
28	61	0.0074813701026296975
34	45	0.007438477637983443
49	56	0.007429153608547956
31	61	0.007170008743668271
2	66	0.007104550537175708
19	63	0.007080951022738008
31	59	0.006922825685249212
1	42	0.006874120326569366
18	54	0.006721836031827577
44	59	0.006667963848912634
34	52	0.006662675255508205
5	40	0.006498895232293356
32	48	0.006488682707472132
4	41	0.006467443521187277
24	52	0.006422854164552405
25	51	0.006282682739921719
4	28	0.006069766807509036
44	66	0.0060562184541261554
10	54	0.006008545634272222
35	53	0.005932219815385165
54	66	0.005868090573179607
4	63	0.005841872348112093
29	42	0.005829327726531414
37	60	0.005708804868644196
4	58	0.005708260213407562
16	28	0.005525860476452954
28	34	0.0055106344826311715
16	29	0.005504927467991805
2	29	0.005467529339253402
12	36	0.005312625993602993
19	24	0.005281488638472082
24	60	0.005203438741644306
24	34	0.005156686100793645
7	30	0.005134454672560268
6	55	0.005108269707084223
30	61	0.005068600217777164
7	66	0.004992265925896355
35	41	0.004922584639487776
16	64	0.004700099486300763
34	44	0.004699090966866326
36	52	0.004676170407635766
29	49	0.004622775746186164
6	48	0.0045471691573551465
48	63	0.004422932021509313
1	13	0.00433666019779233
39	66	0.004149732793344518
34	43	0.004018168215448259
33	49	0.004015278234102748
22	43	0.003963271450242001
1	24	0.0039316241760455894
19	52	0.0039043655268718447
38	61	0.003847645962554852
20	30	0.00384210378488567
4	10	0.0038102237743412593
14	50	0.0037954046220843862
34	53	0.003684822352462508
16	22	0.0036165663459977737
2	57	0.003521715097284356
42	61	0.0034965875112474842
35	55	0.0033723772626184645
20	40	0.0033202420896720763
30	59	0.0031965771586455194
26	62	0.0030503771015206183
26	55	0.002952309512574053
14	47	0.0028865980690700177
29	52	0.0028267237526904965
29	50	0.0027663753425439808
25	58	0.0027503605323092595
25	27	0.0026623302436061813
15	38	0.0026298399134013772
1	40	0.0026083706477274815
44	51	0.0025192441651554764
13	24	0.0025130637740636563
37	40	0.002488735569160211
54	60	0.002472191791488443
29	59	0.002352435766670574
60	64	0.0023316276254774226
4	27	0.0023196488382796476
8	54	0.0022971170989598555
41	50	0.002269207518255878
22	25	0.0021739037165126596
45	49	0.002131192358893058
36	54	0.0019419073037046375
26	38	0.0019212895596341928
22	54	0.001901805526851319
4	14	0.0019014630923941955
8	19	0.001835228922579063
7	25	0.0018017366864626072
2	38	0.0017724027433906608
12	26	0.001767118584339561
14	16	0.001766061274675268
39	65	0.001660573653028491
12	34	0.0016042826556272871
14	22	0.0015820943050878222
6	36	0.0015650878988831551
26	52	0.0014853016635141547
11	17	0.0014717182482783253
1	55	0.0013944791599816986
27	34	0.001283416893301914
8	28	0.0011784975214404747
7	23	0.0010798058146221923
20	37	0.0010762565078098751
11	61	0.0007225308691755639
59	62	0.000694578734740936
37	46	0.0006092624111808942
6	64	0.000589801813331986
29	34	0.0005743808022072583
6	35	0.00048123607116162814
9	52	0.00047141846745676896
40	52	0.0003681371440416026
33	42	0.0002903695057896172
9	47	0.0002296623538201037
29	41	0.00018292555524215826
40	54	-2.23388098263555e-5
1	60	-3.860162084751151e-5
21	25	-0.00013311469774060503
22	64	-0.00016113552834307043
18	29	-0.0002602168046116904
33	61	-0.00032884305617891796
8	52	-0.0003425904249955425
24	42	-0.0003466963800089762
9	38	-0.00036807430238761096
1	41	-0.00040901907261323145
57	60	-0.00044279149746789814
47	52	-0.0004656874855807347
8	10	-0.000489045615291589
58	63	-0.000630851158053225
47	60	-0.0006341299656706934
4	9	-0.0007512622071970676
38	54	-0.000856282663700414
50	59	-0.0008628178699758016
16	52	-0.0009358679081593879
62	66	-0.0009404309612485451
4	40	-0.0010193272042168244
20	33	-0.0010691353067253107
45	64	-0.0011193851132593469
7	12	-0.001243455504078006
10	59	-0.0013394512158516059
26	41	-0.0015313522139255853
15	17	-0.0015345484271533372
27	32	-0.0015383660144002165
4	30	-0.0015528149776753708
44	46	-0.0016254200438350352
16	35	-0.001642307662931053
9	13	-0.0016502909143195632
2	42	-0.0016551597940833163
8	63	-0.0017266314069571687
35	54	-0.0017279520720495656
41	47	-0.0017456532853807882
36	44	-0.0017497116114783828
11	63	-0.0018268378300413668
26	61	-0.0018378970013666895
24	61	-0.001869018594428229
33	62	-0.0019238153439576355
36	61	-0.001941779758866613
35	50	-0.002032936728921103
31	65	-0.00203760493152505
63	65	-0.002068226494422648
10	48	-0.0021015236484072386
30	47	-0.0021397130610311954
34	49	-0.0023249320081479286
17	65	-0.0024177208325782407
37	65	-0.002490689817016667
9	58	-0.002625920508854823
18	31	-0.0026444731330810545
20	52	-0.0026974735710909303
26	64	-0.0027153411914090098
46	56	-0.0027401596559522567
13	22	-0.0027476894443448086
9	12	-0.002788118832594111
11	57	-0.002863945943730656
12	24	-0.0029089564176599247
43	54	-0.0029436023939369282
21	24	-0.002962046813677538
13	20	-0.0030120652975943463
20	31	-0.0030512247841746887
44	61	-0.003217850040405673
4	15	-0.0034534330194033735
46	64	-0.003541989156866987
46	53	-0.0035671195301492653
44	55	-0.0035771158351197707
3	41	-0.0036072476851974067
39	55	-0.003617564862672451
24	33	-0.0036767239198781665
25	32	-0.0037369789306285484
24	55	-0.0037786991268127512
17	58	-0.003837717993436268
23	34	-0.003880635715444253
4	48	-0.0040253269703836025
31	40	-0.004030469420805288
8	49	-0.004051891608504055
53	61	-0.004068967654344002
9	61	-0.004119047161009248
32	49	-0.004130888817624245
4	37	-0.0042433243030371715
25	31	-0.004246555071727248
28	53	-0.004272296630476846
24	31	-0.00427627853419521
12	58	-0.0043157130467745
38	43	-0.004320890629730956
2	44	-0.004364138878672041
23	30	-0.004399729138163444
48	61	-0.0044147940539820685
39	53	-0.004591226266841331
1	25	-0.004610163963071651
18	41	-0.004623072575659359
4	39	-0.00477007141450142
24	26	-0.004860715329642162
16	18	-0.004873724837286597
30	39	-0.004902702876484449
24	54	-0.00491815341715271
6	22	-0.004933139363354988
33	60	-0.004953241128443003
35	66	-0.005002688764704666
28	54	-0.005004146137605914
44	57	-0.0051264770087665334
35	36	-0.005138434338066961
23	58	-0.005141618742794285
9	48	-0.005220165975687224
51	64	-0.005248929621748777
37	49	-0.005378368456782134
52	62	-0.005380923177029845
42	60	-0.005400090762806731
25	37	-0.005459627523396932
32	65	-0.005468675488671221
32	45	-0.005517823907212477
31	49	-0.005571742871115726
8	62	-0.005698771842021999
9	44	-0.005708115316105822
22	57	-0.005752466505930087
3	28	-0.005844013180888896
32	60	-0.005891810040940637
6	31	-0.006070986513076554
16	17	-0.006106145404968066
2	46	-0.006108685665564162
20	65	-0.006127349208224414
31	39	-0.006412492323675356
9	30	-0.006450112653655915
33	39	-0.006572790031755621
52	65	-0.006667947140325481
16	39	-0.006788505666762035
25	26	-0.006797007004915562
45	63	-0.006862395617662276
18	52	-0.00686926876127375
31	63	-0.006878635860272431
7	52	-0.0068965958020994755
8	44	-0.006947106541110998
2	59	-0.007051808773931467
31	60	-0.007097174294202702
29	39	-0.007240413215742342
20	28	-0.007274199414876253
34	54	-0.00729135362304234
9	29	-0.007360332564617655
10	62	-0.0074362808506033
50	64	-0.00746740276888766
32	38	-0.0074832180129652814
37	55	-0.007513965566076947
27	45	-0.007562180984645783
51	54	-0.007567059687604821
2	8	-0.007579106734697083
47	48	-0.007598737247679427
49	51	-0.007622122517354668
34	59	-0.0076759443025691265
22	31	-0.007720269662948004
48	59	-0.007766957831695259
2	51	-0.007989880454445764
7	57	-0.008072048239489649
53	54	-0.008270944112681283
2	18	-0.008276178217362207
39	56	-0.008278452352371596
4	44	-0.00835071523637293
29	43	-0.008482149738597539
28	43	-0.008513503736377187
35	61	-0.00863028055791637
38	60	-0.008722014593578853
2	33	-0.008826693179613931
22	38	-0.008865867733385546
4	29	-0.008957125058759896
49	65	-0.008963843746901706
49	54	-0.009066914048527691
2	43	-0.009086811797908767
23	37	-0.009125790589744776
61	63	-0.009156312167980268
1	10	-0.00918563973675146
38	49	-0.009266336985263107
31	42	-0.00930904836124724
38	46	-0.009320967067691172
13	64	-0.009350580414783205
28	49	-0.009484145881449246
23	45	-0.009496309250953516
18	36	-0.009512767878062434
25	36	-0.009521246076880346
27	48	-0.009585085247261538
18	28	-0.009627222240535027
27	46	-0.009769975557125332
27	49	-0.009907325645990755
34	42	-0.009910826018879076
40	56	-0.009952253457086141
1	57	-0.009997716564630721
45	65	-0.010015256153397878
45	53	-0.010167203831504518
34	66	-0.01017913932122455
40	58	-0.010273789961569912
47	56	-0.010367073514627678
30	50	-0.010383269197136447
41	61	-0.010491834191234395
7	54	-0.01055332162098599
7	49	-0.01077297799033572
11	16	-0.01093748504611336
57	63	-0.010975828611590521
13	31	-0.011077409299013685
25	61	-0.011086015329458104
4	26	-0.011090946596507723
53	62	-0.011219988355820942
6	8	-0.011283086417698707
1	20	-0.011286339193738476
53	59	-0.011317796040907241
14	33	-0.011335819633114697
1	34	-0.011415261197068427
9	35	-0.011452051341862807
11	47	-0.011470554300564317
52	53	-0.011516205683690994
29	56	-0.011564892050159092
25	47	-0.01158188800436391
48	60	-0.01164101736045381
7	17	-0.01168412885853426
32	62	-0.011831327990377005
1	22	-0.011885028519778101
25	41	-0.01192846820206181
13	48	-0.011942699436723603
49	64	-0.012059082169259355
32	56	-0.012065160713472578
37	57	-0.0121078404683517
11	37	-0.012154343106547671
17	42	-0.01218275867467633
6	56	-0.01222027087858385
18	35	-0.012224631345011394
4	32	-0.012248980997926096
9	11	-0.012260890869689817
29	40	-0.012334242842604065
2	17	-0.012338439277143676
33	55	-0.012448403582331818
30	54	-0.012470268950522834
28	65	-0.012511377935861101
3	27	-0.01254460765440285
54	56	-0.01266440854520598
32	46	-0.01272836393819593
28	56	-0.012893803722515307
12	42	-0.012954419220151836
3	38	-0.012958739790601165
36	62	-0.012991673494090361
4	34	-0.013086136244261082
29	63	-0.013187934940266516
7	35	-0.013210914024631565
3	47	-0.013217917099077325
21	60	-0.013250383190878234
25	57	-0.013260675810195438
9	66	-0.013371664392869492
38	39	-0.013398143852431044
36	49	-0.013580536654854591
18	51	-0.013584921061944533
43	52	-0.013599697502876928
6	30	-0.013604432169607023
8	46	-0.013608683976547908
52	57	-0.013684318498264375
33	59	-0.013727277004355942
2	7	-0.013727320546375044
38	62	-0.01375436854502382
14	62	-0.013767314354418386
41	57	-0.013786417060065864
11	22	-0.013901438996475807
7	48	-0.013987274397144533
33	43	-0.014003779087979645
45	54	-0.01403395458054954
8	66	-0.014064548209540506
13	46	-0.01406955068186766
20	49	-0.014101543158769464
29	61	-0.014124645239072892
24	39	-0.014150848614133849
18	37	-0.014193233550298473
1	14	-0.014193707382437679
20	62	-0.014223987910241431
48	54	-0.01425662764247504
42	44	-0.014276809136192586
18	45	-0.014283423993717764
26	63	-0.014283836986743681
19	64	-0.014305786002564297
4	52	-0.014348342615925436
4	33	-0.01439637101892391
23	33	-0.014472621436977529
29	45	-0.014493901230100165
23	42	-0.014502441560717116
29	53	-0.014520028236648469
23	35	-0.014618157687406208
22	30	-0.01472145138310188
3	25	-0.014727886574328802
35	56	-0.014749993353985136
1	58	-0.014859568903931336
30	40	-0.014900518566232174
8	34	-0.014905959172288513
47	64	-0.014931606611952974
38	40	-0.014933535164087658
8	27	-0.014994784197978644
1	28	-0.015056138670100236
1	33	-0.015180106939344767
1	30	-0.015278633224642166
25	55	-0.01549515104289989
24	45	-0.015625688746671612
29	60	-0.01569412959447139
26	54	-0.015741944207393194
15	61	-0.01575989256009841
16	31	-0.015770820210001507
11	23	-0.015807830666063477
48	51	-0.015818061584961796
13	52	-0.015836721576704238
2	58	-0.015846950545909844
53	64	-0.015881179239966514
1	21	-0.01591710691827941
40	48	-0.015979171169536788
4	65	-0.015985708546938482
1	46	-0.015991603441320584
21	34	-0.01599173846142002
3	7	-0.016003979092651832
19	55	-0.016062152211825637
45	59	-0.016190419814555795
10	20	-0.01622017100007922
9	31	-0.0162440135947656
51	52	-0.016318990940556
35	45	-0.016353503067839864
44	60	-0.0163847902677704
50	60	-0.016392430597672536
41	65	-0.016453406676005145
3	63	-0.016474502536199698
28	40	-0.016478259006946216
2	24	-0.016480029693908077
20	39	-0.016544780336633202
6	40	-0.01659195066277369
2	35	-0.016839257664665985
18	66	-0.016851763924958574
44	58	-0.01689106268516663
13	53	-0.01708818889350519
9	56	-0.017118532619763593
34	57	-0.01723731159005329
1	45	-0.017277211974100024
39	52	-0.017349059403450134
38	63	-0.017378358069642275
27	50	-0.017479045421210898
3	60	-0.017547987668295073
4	49	-0.017651045552593725
38	55	-0.017673330078947475
29	47	-0.017681509232718995
35	65	-0.017734364042091416
42	57	-0.017735413273680917
31	55	-0.01781524541008378
49	58	-0.017848676104244066
22	45	-0.017850500720540535
7	44	-0.01787996235324507
41	55	-0.01797908831696393
26	56	-0.01802880903881121
26	43	-0.018068603209829837
42	43	-0.018082807817593638
49	62	-0.018115689076142805
27	64	-0.018127829214555885
20	61	-0.018163673345828912
6	54	-0.018216325151206803
8	41	-0.01822164535341131
2	62	-0.01835843805535331
55	60	-0.01838448912731544
60	65	-0.018462491446174734
2	20	-0.018560223107398688
32	47	-0.018680151402959172
52	66	-0.018698700217999048
19	28	-0.018766380246400982
30	62	-0.018785479797952254
36	59	-0.018836866692261506
24	46	-0.01895339154628861
6	47	-0.019007855353980085
2	36	-0.019046476653739736
7	28	-0.019087746167480157
33	54	-0.01928776394400794
22	34	-0.019306843863315548
62	65	-0.019328114929947876
32	57	-0.019359449666199013
16	56	-0.019425973050791745
9	27	-0.01946634925925242
59	64	-0.01960942111914324
12	27	-0.019614876415066013
25	38	-0.019623380568008664
5	33	-0.01968901397691769
3	20	-0.019702444589925566
1	64	-0.019793233245815625
42	50	-0.019794798800024882
48	57	-0.019808728259316982
27	61	-0.019843201981069036
21	66	-0.01985098307409844
21	55	-0.019857791240691175
11	41	-0.019898146499411934
12	31	-0.01992765769311436
1	29	-0.019937095253573567
37	61	-0.019942620293578267
3	31	-0.019967057686560846
22	41	-0.020021895710315207
4	18	-0.020064018159355768
41	60	-0.020175681289647585
23	60	-0.020196935376161573
37	58	-0.020209905873493805
30	51	-0.020309043984570924
52	54	-0.020512062234545964
4	53	-0.02067593104151738
27	57	-0.020707587521534537
3	30	-0.020728337408160685
5	31	-0.020810039087387266
48	56	-0.020845909615560404
55	63	-0.020861485250453393
33	64	-0.02104179739368464
34	58	-0.021046850603489597
51	58	-0.02107342606807963
2	22	-0.021180093643272557
13	35	-0.021311240552403632
1	15	-0.021342384397039282
52	58	-0.02136464737393884
23	38	-0.02136540375321022
9	21	-0.021367014763591013
50	62	-0.021405010014008324
6	7	-0.02156212773850169
30	63	-0.021579871444302956
30	46	-0.021651195437213305
41	46	-0.021651234341063558
7	33	-0.021730004166867295
1	48	-0.021767508036362154
19	41	-0.021773343403104273
6	45	-0.021797493379005578
1	19	-0.021846047136037897
35	44	-0.02186182258222394
27	35	-0.021870860938651537
36	53	-0.021909346410592806
10	63	-0.021914740163094665
26	34	-0.021914908195691224
13	33	-0.021938036706059816
21	38	-0.02204856888675802
26	44	-0.022112819452389604
41	64	-0.022301178948099853
9	45	-0.022311377011179773
8	53	-0.022391622219756713
10	47	-0.02250279261390789
53	56	-0.022540385962749737
4	60	-0.022658126099758397
6	28	-0.0226738239758012
1	54	-0.02267573336431146
7	53	-0.0227173100844546
56	58	-0.022780575521436475
59	66	-0.022789965115141447
23	51	-0.022961351630313764
4	23	-0.02296264562861186
11	32	-0.023087263544804393
23	32	-0.02311989406860901
8	48	-0.023148186247360147
3	37	-0.02318049955804158
53	55	-0.023219237859406577
24	66	-0.023279527659694627
32	63	-0.023289425941993708
15	60	-0.023402433046602777
49	61	-0.02343361811967884
20	38	-0.023487231950630072
19	57	-0.023540181142102518
23	36	-0.023550788937354045
7	50	-0.02355641131405592
24	47	-0.02356314728782477
14	25	-0.0235715837139851
2	48	-0.02357793749085535
41	43	-0.023603642454022772
8	38	-0.023709711349890167
33	53	-0.02382241945962929
26	59	-0.023957938497288916
58	60	-0.024128452126099764
15	57	-0.02415133955355586
18	33	-0.02425053278004033
27	42	-0.024328300332987662
19	27	-0.024338736552131895
15	52	-0.02434416568904199
58	61	-0.024352666946760082
26	50	-0.024500113819104108
4	16	-0.024510859091156162
18	30	-0.024570788780547942
28	57	-0.02458602355135789
25	60	-0.02458874089625193
38	58	-0.024619687682839092
30	53	-0.02464660458124819
9	32	-0.024669053375973665
36	65	-0.024669762938570483
9	53	-0.02484623821896259
30	66	-0.024878373139642918
21	48	-0.024958744361901014
16	27	-0.02504446756045539
2	31	-0.025115578342447736
17	33	-0.02522404584567889
50	58	-0.02527184473129096
38	66	-0.025405073373303833
1	37	-0.025457067644965553
32	39	-0.025552309359127473
30	58	-0.025559123916789855
36	63	-0.025576083583350145
27	59	-0.025577855352539258
17	52	-0.025760850549252978
34	47	-0.025827614045158348
45	66	-0.025834580307344118
7	29	-0.025870230333172872
7	58	-0.025940244900666515
6	52	-0.025958865394275665
18	60	-0.025977441903610343
14	31	-0.026021952749473984
33	66	-0.02609368283262628
28	64	-0.026123917620699072
45	55	-0.026236511481507185
13	30	-0.02624171619466778
4	24	-0.02629761294233393
36	56	-0.026333204129539184
55	57	-0.026333261357042698
50	54	-0.02647293092641645
8	16	-0.026651570817244674
3	24	-0.026678684824020554
12	55	-0.02668464189052061
3	61	-0.026756014567328068
20	32	-0.02676568903960594
13	45	-0.026770322940887825
6	24	-0.02677461387154631
46	63	-0.02680404694122479
1	31	-0.026855959396114668
31	62	-0.026902774105123595
13	43	-0.02700209676801793
27	53	-0.02704851172816447
3	58	-0.027094202753073005
16	55	-0.027140606482847635
3	4	-0.027363071403605
44	63	-0.027366152645621922
38	51	-0.02741903064361681
20	34	-0.027450518153635084
3	53	-0.027501462914503977
1	12	-0.02751446266383112
15	62	-0.027746742421919074
46	50	-0.027866862319439578
30	57	-0.02789388792946637
38	57	-0.027940239838654013
39	44	-0.02798657202322616
14	37	-0.028143334730498154
5	28	-0.028359650487051774
24	36	-0.02836831703974324
32	59	-0.02838228998788095
16	48	-0.028508463900740078
33	47	-0.028550024962709752
52	63	-0.028557385899271176
15	48	-0.02885121886545769
3	50	-0.02891441277009782
19	50	-0.02898584950152211
47	59	-0.028992504383892947
24	41	-0.028998162973198377
2	39	-0.029035554430248606
17	51	-0.029123958878617767
32	54	-0.029128907137785542
21	41	-0.029143649711099284
2	6	-0.029161033637073147
40	61	-0.02918064090965955
36	64	-0.029248022512181393
8	17	-0.029384842501480046
7	31	-0.029453276298912562
26	47	-0.029469646778773312
26	65	-0.029480651263928098
43	63	-0.029536114457726498
47	58	-0.02965858066650684
7	64	-0.029758587137658943
18	44	-0.02978551494227863
15	30	-0.029798480719237908
21	28	-0.02987322190298851
45	50	-0.029881165486958683
3	42	-0.02998097036668565
44	56	-0.03011274862884794
40	65	-0.030172418252445515
12	25	-0.030214192759742464
60	63	-0.030233054979119628
48	58	-0.030261265518042202
1	11	-0.03036761437563508
8	30	-0.030391444036573456
4	22	-0.030443226161354225
48	65	-0.03049470897997142
23	26	-0.030504484212252214
1	44	-0.030548685135896383
5	38	-0.030575410267968783
3	14	-0.030589292041877686
51	63	-0.03061294699035788
17	27	-0.03063359510828842
38	47	-0.030642849678623574
8	31	-0.030655353256229173
44	53	-0.030754827127584983
14	38	-0.03076385464609882
35	40	-0.030764374669021072
42	54	-0.030802735713013674
9	23	-0.030891249154541
41	59	-0.030951510950406602
25	59	-0.03095908115830384
20	27	-0.0310802902216252
7	41	-0.031180492934501064
54	59	-0.031220185046512305
39	47	-0.03123901893967118
14	51	-0.031273316807225615
23	63	-0.031397961887685455
20	25	-0.03145043382872148
22	51	-0.03146075092913239
1	61	-0.031463478700568426
7	36	-0.03152638094536875
41	56	-0.03157819762300662
19	45	-0.0317717980332575
5	24	-0.03180836476364585
26	45	-0.03183676313086406
11	35	-0.03183936225042347
10	29	-0.03185144008229057
11	28	-0.031900741974490804
62	63	-0.03194742562225383
42	65	-0.03196328322820899
23	52	-0.03199555598084425
22	33	-0.03209627440864865
1	52	-0.03212016468887059
32	58	-0.032141942044172894
22	52	-0.03215980061708634
10	26	-0.03217675760729119
6	57	-0.03222075419269041
5	30	-0.03225539264898579
5	34	-0.03227517446342071
53	63	-0.03247757478243746
11	27	-0.03266155032294352
12	18	-0.03274946492907971
22	37	-0.03276435314279966
17	31	-0.03281094993687625
2	65	-0.032867060896330125
4	17	-0.03291822923456039
24	38	-0.03303842987368069
44	54	-0.033225383678400666
8	37	-0.033239513946453275
45	47	-0.03335570462273357
21	33	-0.03337127265262729
26	30	-0.03342532782828238
14	52	-0.03348572413878814
24	53	-0.0335031686034879
22	63	-0.03374401800701249
26	60	-0.033750019187863495
26	35	-0.0337613796483974
31	54	-0.033822891911145125
37	47	-0.03383129313722297
33	58	-0.03389209950226052
28	50	-0.03391369949443668
56	66	-0.033943020330382406
8	33	-0.03395071281299791
33	50	-0.034003164677409964
13	40	-0.0340509766306106
50	52	-0.03422193369804963
15	29	-0.034250656318731115
44	64	-0.03428321040128335
41	58	-0.034355008084664476
33	46	-0.03437491373576618
21	45	-0.034393343265339105
5	52	-0.03451651834725479
19	40	-0.034535200316045345
33	40	-0.0345480091778238
24	40	-0.03463196546141345
41	54	-0.03463501192138241
5	36	-0.03477783702337853
29	46	-0.034851638624784326
17	30	-0.034859548590574774
18	39	-0.03494671702406879
37	56	-0.034973045769358585
14	29	-0.03504308216667379
9	39	-0.035154227689228046
25	52	-0.035187516187121154
53	60	-0.035244609362309054
23	59	-0.03527675641105757
41	53	-0.03534949248829128
10	42	-0.035370333824665146
10	33	-0.03567710663619478
20	35	-0.03571006243308339
16	60	-0.03575136357062522
47	63	-0.03578655500405889
10	35	-0.035834790053299814
45	58	-0.03584660484292357
12	16	-0.03594729326162005
25	62	-0.035967836571223766
5	45	-0.03598821855627743
22	61	-0.03599597245556885
46	59	-0.036031442483071496
18	21	-0.036081198928882924
21	46	-0.03612578281702686
33	57	-0.036176568780476676
11	62	-0.036215724199469695
16	62	-0.036263703514451184
26	48	-0.03628058795885292
12	61	-0.03629421519306897
56	62	-0.03639748160582146
10	17	-0.0364252206768399
8	23	-0.03646237205037539
9	65	-0.03648265077782192
36	60	-0.036620095365505506
48	50	-0.03663335441275187
5	56	-0.03664057195945017
29	66	-0.036879707142793566
33	63	-0.03695629139021875
4	61	-0.036991145813012605
10	41	-0.036991757096213274
11	45	-0.03701307616709951
21	56	-0.037033183035665856
32	61	-0.03708634071607683
34	51	-0.03709380988499725
31	51	-0.037096002615372436
19	32	-0.03717758792194217
5	41	-0.03721479479561059
4	57	-0.03725382842212094
12	52	-0.03728745547183018
18	64	-0.03732047998934976
18	55	-0.03734300675782626
14	65	-0.037517268693957634
3	23	-0.03769039648011732
20	59	-0.037695938541048524
39	48	-0.03771438047753248
9	62	-0.037801203627783164
19	31	-0.03782334112597821
36	55	-0.037894219135475055
5	62	-0.03796019455708033
12	45	-0.03805823064151531
18	58	-0.03818542406907752
15	28	-0.03822155512111185
25	43	-0.03823532557946513
25	64	-0.03828294175820776
21	50	-0.038283803516693665
40	60	-0.038373879054702686
18	53	-0.03838161933187165
14	27	-0.0384568656617775
27	58	-0.038498573821891285
42	53	-0.03861829229434449
5	27	-0.038657230092214584
16	24	-0.03866070133840252
3	32	-0.03874952473230536
22	28	-0.03880271344356323
4	46	-0.038849904403954416
6	32	-0.03898543648722988
35	47	-0.0390606320361753
37	63	-0.03909628551730096
12	15	-0.039223515522921165
8	50	-0.0392784364004973
41	66	-0.039326296475099304
33	51	-0.03933469353983213
40	57	-0.039346137954211324
27	54	-0.03935764194650143
13	27	-0.0393740293008048
25	53	-0.039432723567528694
1	36	-0.03945555190367955
4	11	-0.039481615031169925
18	48	-0.03958052856190378
29	62	-0.03967636012034467
39	61	-0.039683554739285726
11	52	-0.03970048483104206
41	51	-0.03975438361335801
16	38	-0.03977722318274199
27	56	-0.0398480381143792
20	26	-0.039860910061847166
27	60	-0.03997945452356938
11	29	-0.04007615559961428
5	35	-0.040206468768693604
22	48	-0.0402102979768289
18	62	-0.040231808330658175
4	19	-0.0402393468805326
35	63	-0.04024842012757382
12	23	-0.040361188398417236
12	60	-0.04040053978947378
52	64	-0.04044171292720135
6	41	-0.040444643904510136
11	30	-0.04045413000945405
24	58	-0.040456212518012735
30	43	-0.04046638004377942
6	44	-0.040586373720626706
26	46	-0.04060652029314929
35	59	-0.04072209155391093
1	32	-0.040753669195709774
16	37	-0.04078482677093448
3	36	-0.040786624597305365
21	29	-0.04088139387723093
14	45	-0.04090797392411673
10	52	-0.04094760931634883
5	25	-0.04100358334852544
3	54	-0.041075272000517055
31	46	-0.041077364632512714
19	38	-0.04109766010053009
10	32	-0.04112446431260791
40	62	-0.041253901601572746
17	36	-0.04127570219417939
31	53	-0.04128427407881449
11	31	-0.04151026168717009
8	36	-0.041511763760545495
6	58	-0.041564813515824306
18	34	-0.04156806854110395
7	34	-0.0415844271945042
15	42	-0.041768990309450055
2	61	-0.04195377538881401
15	55	-0.041956622630466345
21	27	-0.04196667008981392
14	60	-0.041990928005021855
51	59	-0.04227836891259382
9	42	-0.04233265936174363
15	41	-0.0423353380044323
43	50	-0.0424378792684989
38	50	-0.04244118516109835
18	32	-0.04248248867482496
50	56	-0.042657247361345046
32	53	-0.04267404638843966
35	58	-0.042791477744535844
52	60	-0.04287148665055354
47	65	-0.04293173096649028
13	44	-0.043004396058477806
24	35	-0.04300530800109789
20	58	-0.04309778493360772
15	31	-0.0431264771631875
27	63	-0.04313917773517337
14	34	-0.04323309290639385
13	63	-0.04347114165147989
31	58	-0.04355363544985012
3	26	-0.043557697592112476
32	64	-0.04357144120507102
37	53	-0.043625433753609666
17	32	-0.043722498810761845
12	28	-0.04373581695906603
30	55	-0.04379224393063541
39	46	-0.04391360169334618
10	27	-0.043976757980977915
36	47	-0.0440187911283034
5	23	-0.044153671830503005
14	59	-0.044156160494605884
44	65	-0.04428637616088513
46	55	-0.04430338480064716
34	46	-0.04435815551400571
5	6	-0.04444847421044279
8	45	-0.044456837490403384
4	62	-0.04451783358463121
12	47	-0.044570206497320186
3	44	-0.044653637726565
11	24	-0.04467040952101037
34	39	-0.04472561653409271
32	50	-0.044797592976702494
8	11	-0.04482938098138267
8	32	-0.04493947205780188
1	51	-0.0450161851033454
31	57	-0.045081875550584766
25	34	-0.04509017286397543
39	58	-0.04516700984553976
47	61	-0.04522570224847661
16	45	-0.045257575174342285
21	61	-0.04531722976495278
51	65	-0.045446718436535694
15	45	-0.04547742971300066
54	61	-0.04550733010051533
2	47	-0.04553074846359961
9	34	-0.04563545007899042
27	66	-0.045702433431115685
40	59	-0.04571684065766077
40	42	-0.045731234842881885
56	64	-0.04578949816203989
5	32	-0.04600275234977444
1	27	-0.04608045845966033
9	63	-0.04626635841042509
10	30	-0.04631024831371429
17	48	-0.046343616403298676
44	50	-0.04656284782913159
24	37	-0.04674861841266573
6	33	-0.046814788275280655
14	48	-0.046851283044163944
3	16	-0.046883913790515264
12	65	-0.04693471094710183
58	59	-0.04705135319731227
27	55	-0.047079538629217876
36	57	-0.04715952118130315
17	40	-0.04718655981968076
60	62	-0.04721619625661083
4	54	-0.04724723641034456
14	41	-0.04728840121388088
3	39	-0.04735966206748515
34	63	-0.04750531993373358
25	65	-0.04758989069412517
9	33	-0.04771923549096649
5	49	-0.047788368005833054
51	62	-0.047821423484808195
50	55	-0.047867013289965704
6	50	-0.04794780800714982
15	32	-0.04801033169659995
23	55	-0.04804810866878456
30	64	-0.04809752570222989
13	59	-0.04814144008504151
28	66	-0.048142582737307676
31	64	-0.04820859604279419
15	33	-0.0483682158256091
25	44	-0.04836933823960993
16	46	-0.04838294407808075
23	57	-0.048384059856313805
17	62	-0.04843906808099599
36	51	-0.04845612653067008
32	55	-0.04846283569477233
25	63	-0.04849148396831918
39	62	-0.048650375541866686
4	21	-0.04865165904177443
5	18	-0.04866817203162785
6	27	-0.048710064735280195
21	59	-0.04871311122590716
3	5	-0.04875103389117391
8	42	-0.04876603715153252
12	21	-0.04890025589203725
23	56	-0.048920555050056824
32	51	-0.048946302843941386
31	47	-0.04922077042823422
8	20	-0.04938441401656768
12	48	-0.049394355165733955
11	33	-0.04953263916974872
49	63	-0.0495597291329552
29	55	-0.049726740156985444
5	48	-0.049769217773170074
40	45	-0.04991569662956907
21	31	-0.0500660526363851
9	19	-0.05013968845919067
18	61	-0.050294911758163696
43	55	-0.05051675758382565
3	19	-0.05051836404854124
19	30	-0.050766268604828566
46	65	-0.05077307489581123
24	49	-0.05096591469349146
6	19	-0.05100519679438978
23	65	-0.051007142010644435
12	30	-0.051068885309945855
42	51	-0.051199468546222204
9	14	-0.051227810632556436
1	8	-0.05151187819690656
37	64	-0.051648511137061384
2	49	-0.05189380544686928
9	37	-0.05199651871128977
10	44	-0.05200525153416888
14	32	-0.052032461973910066
31	43	-0.05213558111223582
4	66	-0.05236021983577732
14	28	-0.05237437456275973
16	58	-0.05241285807763782
11	48	-0.052433197866332396
1	35	-0.05248304539228009
10	49	-0.052499909314387666
6	20	-0.05273598279750194
36	43	-0.05280455539932244
42	66	-0.0528095832593386
43	51	-0.05281781983369782
5	43	-0.052831254818777595
21	23	-0.05301609853839989
29	51	-0.05304011553933366
55	61	-0.053049377715670754
1	23	-0.053073197497396724
42	63	-0.05313227366269102
6	53	-0.053162428964161595
31	66	-0.053237938646789607
17	28	-0.05324879569111138
48	66	-0.05326731600264133
8	29	-0.05327111361056963
20	41	-0.05328239546908917
46	62	-0.05334469588576682
42	55	-0.05338041287022349
34	40	-0.05343503313403111
33	56	-0.05360355806989228
9	15	-0.053657305898792584
14	43	-0.05371192542206152
36	66	-0.05371370080436018
13	50	-0.05387762508217411
14	44	-0.054005649753714136
3	12	-0.05410314946027234
7	26	-0.05420647701580772
5	59	-0.054248189003114816
2	32	-0.05425052767477684
21	65	-0.05429149140481261
18	63	-0.05434255502508964
13	41	-0.054429292685194
10	28	-0.05444871500567394
21	52	-0.05459884920308054
34	64	-0.05461435445644962
49	66	-0.054772763010921766
3	29	-0.05482636861231119
28	58	-0.05495025974147413
8	57	-0.05502132931741538
13	38	-0.05509449660937771
8	22	-0.05516558632721294
9	36	-0.05517439624255782
23	66	-0.05518785392164652
2	37	-0.05544544807385973
12	38	-0.05549735539795758
13	39	-0.05554153836399489
36	46	-0.055675055535329754
9	55	-0.05569060254697708
8	26	-0.055709938028836836
57	61	-0.0557308451883764
19	34	-0.0557950815062466
8	58	-0.05580050939636816
1	62	-0.05585558884893245
22	24	-0.05596461375490283
6	15	-0.05599754378482796
9	59	-0.056167784587328684
21	37	-0.05617554593494016
28	46	-0.05622549443771524
21	30	-0.056466782007794064
18	27	-0.05648669298611214
5	39	-0.05656703039564483
17	38	-0.05657733441377208
39	40	-0.05668606715108743
10	38	-0.05668975061891013
14	36	-0.056895444326177075
8	65	-0.05734002619315187
5	44	-0.05738127815435402
11	46	-0.05741525862579763
40	53	-0.057423818019140316
24	65	-0.05745589998734474
23	62	-0.05753829009993128
5	47	-0.057722499529707816
57	65	-0.05777560588206729
15	44	-0.05780402419534342
18	50	-0.057925549030438644
2	10	-0.05796327508724028
36	58	-0.05797031789956107
7	24	-0.05817681340597494
17	41	-0.05837098125490872
5	37	-0.05849011659838384
11	59	-0.05865330913267666
6	26	-0.05870941440317817
19	20	-0.058911798315328584
16	47	-0.058960468187041676
21	42	-0.05896346617086978
1	43	-0.0590673369085513
9	28	-0.05930277898431119
6	29	-0.05937503675543912
5	17	-0.05978041538399334
29	65	-0.05998372497603957
37	66	-0.060018379409872785
3	35	-0.0600265436761836
39	57	-0.06013135482251136
14	20	-0.060170212376550875
9	54	-0.06024658155387119
54	55	-0.060408681463710145
16	57	-0.06059209064674029
39	60	-0.0607188646295615
22	32	-0.06075648214080551
29	64	-0.061261224304616335
28	55	-0.061398567417213654
13	47	-0.06150871812666647
13	28	-0.06167194341116909
6	34	-0.06195437703127876
7	22	-0.06198016968216
29	58	-0.06205449754286595
12	37	-0.06211641622043318
21	35	-0.06225375880825114
43	62	-0.0622997703556383
19	51	-0.06230804654771904
6	61	-0.06238157217302806
24	62	-0.062489342183556285
40	46	-0.062491081693573536
26	49	-0.062493254656457525
56	65	-0.06255873410519411
12	44	-0.06267644322099011
20	56	-0.0626893566781973
28	51	-0.06289152949258403
17	34	-0.06298963394095367
15	66	-0.06335013280608706
14	30	-0.06344439937821539
12	13	-0.06350255734895999
11	44	-0.06356627140304913
43	44	-0.0636177619157593
20	54	-0.0638853419276823
19	37	-0.06408031231463442
8	21	-0.06420323835303116
19	48	-0.06420392386518377
38	64	-0.06435763447792708
4	43	-0.06463018609893806
22	55	-0.06473646793078652
23	24	-0.06485177787794796
2	41	-0.06492516400171863
13	60	-0.06493579181312811
32	66	-0.06495061542727011
10	31	-0.0652100896599054
20	64	-0.0652190690388342
17	35	-0.06521942917031928
35	64	-0.06541331699789378
19	23	-0.06550722526727024
15	36	-0.06568896956370454
16	44	-0.06580585623298704
16	53	-0.06582945853338582
15	43	-0.0658568271323769
20	22	-0.06592624648088377
7	40	-0.06634809005972647
51	56	-0.06637691147364447
50	61	-0.06639238762027985
13	36	-0.06654240464639408
5	60	-0.06661370182192522
43	64	-0.06681573289816836
37	50	-0.06690149326375786
21	32	-0.06691301164726579
15	49	-0.06691533121209081
10	36	-0.06693302222242337
18	40	-0.06694818834140251
14	49	-0.06708064511610617
10	40	-0.06713997807094643
10	66	-0.06716789222470011
43	45	-0.06726239913298465
19	42	-0.06733910276036317
15	22	-0.06743071639501994
15	18	-0.06743454459650933
19	33	-0.06747815340866406
12	35	-0.06764325264843357
22	65	-0.06775605171994553
14	39	-0.06780595413499672
11	12	-0.0679258550252628
13	32	-0.06795280454684746
46	54	-0.068252179676355
7	46	-0.06828567581326966
34	50	-0.06832774457903143
1	16	-0.06840746963387348
13	25	-0.06842034794570304
12	41	-0.06862716070568967
22	27	-0.06865386519744399
32	43	-0.06868514120940314
19	29	-0.06871039991672467
23	46	-0.06878213635703712
11	56	-0.06910561307482466
27	51	-0.06911511533011008
22	66	-0.06913116634534566
19	44	-0.06925838397109602
9	10	-0.0693165931036425
4	47	-0.06933939419836121
39	49	-0.06942850553472443
8	15	-0.06959442062929241
3	56	-0.06967746570739308
4	51	-0.06967932216746239
46	66	-0.06982123652117392
19	25	-0.069906382700506
12	17	-0.07007934303191277
21	44	-0.07019222345458083
11	36	-0.07037878969149292
20	55	-0.07060608658522155
39	54	-0.07087249771919545
12	66	-0.07145237202887
25	50	-0.07157282869710699
19	46	-0.07174285682869774
10	45	-0.07197667973687372
19	22	-0.07198224402197662
18	26	-0.07201863901835451
16	21	-0.07210298682591426
8	40	-0.07244166869061389
6	39	-0.07254331250505164
11	18	-0.07266047207093357
2	13	-0.07306661177954357
13	29	-0.07332464476357264
35	51	-0.07354858974475831
14	42	-0.07437984762874131
35	43	-0.07438023329835422
2	15	-0.07444272063878823
20	53	-0.07444612612440987
22	56	-0.07486060596658134
21	36	-0.07490132913140408
11	43	-0.07491702661804125
43	66	-0.07493263288607022
49	55	-0.07509289989270732
23	53	-0.07509469738328414
39	51	-0.07534513513898605
47	55	-0.07545327128130186
24	51	-0.07583600232787016
18	59	-0.07593325616076793
14	61	-0.07597836768074304
17	55	-0.0760108466678941
7	21	-0.07646537359705094
13	61	-0.0766522451817743
5	42	-0.07668961001812856
12	33	-0.07686430973078451
2	60	-0.07711883970531147
56	57	-0.07734960995883439
11	49	-0.0773580607556248
15	27	-0.0775693607346507
16	26	-0.07771122864928068
40	47	-0.07778188588761492
2	55	-0.07804140348358363
23	64	-0.07823530149512284
47	54	-0.0783399644265409
14	23	-0.07887279729721985
5	29	-0.07932382736704734
22	50	-0.07935453935931558
40	51	-0.0794513837736173
53	66	-0.07955424918782163
14	46	-0.08016243572348081
15	37	-0.08033989618687405
11	51	-0.08065635218402839
42	64	-0.08074359977703205
40	49	-0.08107005732894232
11	38	-0.0813991096634887
35	46	-0.08162485804401651
12	64	-0.08187217011305986
14	56	-0.08207907328359429
15	23	-0.08211500310370429
7	27	-0.08251228526845497
6	37	-0.08269733795288894
10	24	-0.08272361273494969
25	66	-0.08274251837943314
17	37	-0.08315583931370377
7	11	-0.08351696561872113
42	58	-0.0835382700764209
15	46	-0.08369657963446925
5	66	-0.08383212729100498
3	10	-0.08421124795648302
6	23	-0.08429925290240545
22	40	-0.08435858596731918
51	53	-0.08507612290960936
3	40	-0.08541144757760744
10	65	-0.08617969830736448
6	16	-0.08671808019751878
17	66	-0.08680269053333586
43	49	-0.08758577603891801
9	26	-0.08816453661853024
21	49	-0.08825518602662717
11	42	-0.08846921205034533
13	42	-0.08849079560970569
7	9	-0.08883633280061518
43	57	-0.08924278315173759
25	56	-0.08930288582396487
7	63	-0.08942422918430043
6	10	-0.08969722810650677
19	59	-0.08972423718205949
12	43	-0.09040679187576614
26	51	-0.09077168344232352
39	50	-0.09106641704492735
11	60	-0.09151832194585804
22	53	-0.09156522752094662
2	19	-0.09198111091927799
13	23	-0.09231286721916818
11	20	-0.09312891104084989
3	11	-0.09322402400209479
14	18	-0.09446190663944909
3	15	-0.09472816802190102
5	7	-0.09532241704448033
2	16	-0.095415750723368
10	46	-0.09600742425150158
5	20	-0.0961228826108761
17	64	-0.09673209265171845
19	36	-0.09799243489610564
12	32	-0.09880450915253755
10	39	-0.10098406267962119
18	19	-0.1013221243318185
10	22	-0.1013974254076275
17	53	-0.10197817901503747
15	20	-0.10327136794546676
17	26	-0.1033973136900809
47	62	-0.10382282031146647
5	61	-0.10569289120003608
17	39	-0.10662765080299
39	43	-0.10724877974280428
8	47	-0.10810312340078759
46	61	-0.10874054048739767
15	51	-0.10893204440377247
12	22	-0.10903458301720576
23	39	-0.11015375451393072
12	57	-0.11203809979981005
10	43	-0.11547037145980357
5	16	-0.11697882034072613
18	43	-0.11717529605021229
43	65	-0.11814475246661733
2	9	-0.12063360475968105
6	12	-0.13482818729455195
13	17	-0.15185608163754272
6	43	-0.15243874214381464
9	43	-0.1559516126230211
10	18	-0.16124778226473135
