14	26	0.2975444168589491
15	18	0.28351891092274234
7	19	0.2812148978339974
3	19	0.27610758414802694
10	19	0.27085295198570103
23	26	0.2555693305427442
20	24	0.24958628931297194
27	29	0.24507393167042862
30	31	0.24365810951163586
27	30	0.24326146267889193
20	27	0.23363666120099363
24	27	0.23048916135257613
24	29	0.22088815245626064
3	7	0.1866156011059722
9	26	0.1857700543762399
8	12	0.18405788944340817
9	23	0.1813558717311859
20	29	0.1770882998385107
22	26	0.17487881551949624
2	5	0.1631712436795686
29	30	0.1624125838170032
10	18	0.14694786728224318
3	10	0.14309017352783632
2	26	0.139107304090702
1	2	0.13556647239169078
7	14	0.12986177221057338
26	30	0.1282478210648923
12	13	0.12567855354525453
2	30	0.12310651553641644
4	23	0.12291841066220593
9	30	0.1144742797330045
7	26	0.11164409385962226
4	29	0.10973273680910539
18	21	0.10925751468392342
3	14	0.10109892171079476
17	21	0.09996263233759417
21	25	0.09907689383329432
5	6	0.09874880044246881
25	29	0.09714543670753095
16	27	0.09625790956791447
14	22	0.09616516363546868
16	29	0.09438485372487837
16	24	0.09212060660171656
13	16	0.0903181970340714
16	20	0.08621773765666335
11	19	0.08598719488179035
14	23	0.08519593432920314
6	18	0.08485814172123529
9	22	0.07654342861758218
7	23	0.07119275116599366
3	9	0.06969058076280249
2	14	0.06638610414943724
7	21	0.06594479118364349
4	27	0.06492939913120244
17	31	0.06434468500685547
13	18	0.06384012669131428
14	30	0.06320715337186361
6	31	0.06115366107515702
3	8	0.06075776269403793
19	26	0.060259909825683744
18	25	0.05925436611376467
10	15	0.0578779876056672
1	6	0.05776149305274286
22	23	0.05739465302441016
4	26	0.05716752207749942
16	17	0.05590694374258004
1	5	0.05541757702525668
6	10	0.05536629528882614
10	31	0.05407575618275884
7	9	0.052904965499408096
21	31	0.05205607703677795
8	28	0.051524292139587646
12	16	0.05079929117816223
5	31	0.05018205293077366
15	17	0.05013240179694145
18	28	0.049318337430084014
14	19	0.04856658631714739
19	22	0.04803159882739505
8	31	0.047632131041294545
3	13	0.047445303129285576
3	11	0.047064796811282006
21	28	0.046703645794791804
1	3	0.04636326811897146
3	12	0.04621663125016251
11	27	0.04552616854137026
17	28	0.04478091703656123
6	11	0.041694896906280476
2	15	0.04125540914583753
1	8	0.040588125040699696
12	29	0.03917901879818181
8	17	0.0389510293075202
10	13	0.03861264414694332
6	21	0.03812610102555308
13	17	0.03785944199932606
4	5	0.03782860053415421
13	28	0.037720484512778985
23	24	0.037628524376421446
4	9	0.036755119639203415
6	28	0.036066083726474296
5	30	0.036052398391579976
17	18	0.03588803430654719
6	8	0.03554485379564576
8	16	0.03536353786424806
1	20	0.03532171471613876
8	25	0.03493454527897044
13	15	0.033526451295092685
10	25	0.0327375296904307
6	17	0.03207862710377146
7	11	0.031832851302872
28	31	0.029653711175051056
1	11	0.029368493534190077
7	22	0.02886055960342837
1	10	0.0285545987455596
8	11	0.026397431672884886
6	20	0.026368178173618972
6	22	0.02566882124545139
13	24	0.025475345024128127
3	26	0.02544330401941991
9	14	0.025214603916182965
3	23	0.025175276116197354
5	28	0.024700140378901836
1	21	0.023950173735669433
4	20	0.023793272891012573
16	28	0.02335538186968311
17	19	0.023206082689753993
11	17	0.02309594113453778
5	11	0.022778306553374317
21	22	0.022391669900814093
4	10	0.022366387721290848
8	10	0.02182462889196768
21	24	0.021383791768511184
22	25	0.021343147929867468
1	28	0.02122136865496349
3	25	0.021103012888904593
12	24	0.021082148819092983
20	28	0.021027930027691988
19	25	0.020748723952815573
13	25	0.019978461631904032
5	23	0.019784244361675307
5	8	0.019321517146427547
1	4	0.018992926546225142
10	22	0.018800455976153263
4	22	0.01858627899328069
12	28	0.01809217375246086
25	28	0.01769812531942133
5	22	0.017083253501457063
12	15	0.016758721673260812
11	13	0.01646414528245127
8	21	0.01601627672644057
3	22	0.014616774279974376
8	18	0.014511004283921658
4	30	0.013993257336789466
12	20	0.013578960096686743
24	28	0.013415435232923656
18	29	0.013392283869128496
8	13	0.012812511478296373
2	11	0.01252219212797967
9	11	0.012245207686552961
11	16	0.012133276267440263
17	22	0.01186093301762442
6	7	0.011705646857071372
2	9	0.011280549761999992
13	21	0.01107564919988896
24	31	0.010983034373586109
2	4	0.010735963453411157
1	31	0.009658397921401107
2	23	0.00888856650731823
11	15	0.00861260765798677
3	20	0.008552320476900355
5	14	0.007938236632191786
11	28	0.007822559381754024
12	27	0.007618925407510357
23	30	0.007618602540668928
1	19	0.007038709632240958
5	15	0.006714424682394415
8	15	0.006674369722486195
15	16	0.006610249785075406
5	13	0.006422119395453008
6	15	0.00640277701656411
11	31	0.006110619020011587
5	18	0.005560707700543122
21	26	0.004757857366065155
4	7	0.004610145851079495
9	29	0.004563198520961986
15	31	0.004475559857024247
6	13	0.004296130664654896
11	21	0.0037606523425883776
1	27	0.0034846993858257402
1	17	0.0034230939586412656
1	13	0.003035914675842466
28	29	0.002830183460446112
1	16	0.002730506145372291
22	29	0.001964565676533081
15	21	0.0015150233265840418
5	12	0.0013815154544339348
6	12	0.0011457175740617886
19	23	0.0007863784318510314
20	21	0.00045874633395892594
5	17	0.00040791505912968207
18	24	0.0002291413332741743
16	30	7.925664189545323e-5
12	30	-0.00015493912424463518
5	26	-0.0003252456202229026
17	20	-0.0003434771929994307
1	24	-0.0005803401854800327
14	31	-0.0007105534408305969
25	31	-0.0008649313254388002
17	29	-0.0009261672644653163
11	14	-0.0013410008296814713
6	24	-0.0022293383516515664
8	23	-0.0024213477869474143
17	25	-0.00274097992466682
4	14	-0.0034889606923212413
15	28	-0.0035961440717139914
15	24	-0.0037649896418631146
28	30	-0.0038879440761094286
10	26	-0.004443898482523689
1	18	-0.004692668431129587
13	20	-0.004820219015266247
27	28	-0.004994752218485388
6	16	-0.005185870344437682
5	9	-0.005411154057446466
5	25	-0.00543090830330889
2	22	-0.00628337294077852
26	29	-0.0063917845833258435
3	31	-0.006418534144282673
19	28	-0.006467062650117761
14	16	-0.006616159135057587
10	30	-0.006725926230088497
2	17	-0.0069264903909949105
6	25	-0.007506443023812759
8	20	-0.00758846965423049
10	12	-0.00762846958979857
12	14	-0.007951574062933786
13	29	-0.00818966615614608
22	24	-0.008553260017797548
26	31	-0.008658104605659411
4	11	-0.008966885360193133
6	29	-0.009280450972391052
7	10	-0.009874145937377399
11	23	-0.009971522422454082
3	15	-0.010334961282358224
14	25	-0.010420180322504524
19	31	-0.01088405031812234
12	25	-0.011058012073678347
18	31	-0.011076008790243397
13	14	-0.01142624012304555
4	6	-0.011463110624011341
2	3	-0.011515075786262985
22	30	-0.01189947602279029
16	18	-0.01243879895383121
10	11	-0.012703524354823692
13	23	-0.012751958749889325
7	31	-0.012921939265425397
1	25	-0.01298251184323268
20	25	-0.013138248047156187
18	19	-0.01455072420616782
1	26	-0.014608562249365076
2	7	-0.01464599624873869
19	20	-0.014647037997356727
16	25	-0.014658940919740238
5	16	-0.01490952046519639
3	4	-0.01497044357084315
16	21	-0.015340524977271897
17	24	-0.015923557285012824
3	16	-0.01610286652661047
9	21	-0.016649741583544098
1	29	-0.01668847863000128
14	15	-0.016742717646242467
4	12	-0.01678699405232348
10	28	-0.0168013719902681
15	25	-0.016910346864197456
4	28	-0.017080989270237157
24	30	-0.0172723347881803
11	18	-0.017355335787778092
6	19	-0.01736055253852492
2	20	-0.017948001141363024
9	27	-0.018047288981301812
25	30	-0.018276056749758518
8	29	-0.019960639016027126
16	31	-0.020052913165887143
18	30	-0.020252531129419493
23	25	-0.020695352642673137
2	27	-0.021550054562306076
17	27	-0.02223939165497968
7	12	-0.02254607516834628
14	21	-0.022961755425730257
20	23	-0.023039721109623545
20	30	-0.02305268318228665
4	16	-0.023275347110624456
9	10	-0.023778396045659955
7	25	-0.023971168973262846
7	16	-0.023996223688093232
2	13	-0.0242451932818471
24	25	-0.024722687906483853
15	22	-0.02531507784007253
11	25	-0.0254326229249357
1	12	-0.025925124449288683
25	27	-0.026109731794427438
27	31	-0.02622525519607044
21	27	-0.02638197654219887
7	17	-0.02648338962798058
4	24	-0.026502110735114714
15	23	-0.027055525102870293
4	8	-0.02750995402147932
15	29	-0.02751066981788275
8	24	-0.027586763867074093
11	26	-0.027707015631840026
12	17	-0.027853574693438188
4	13	-0.028133018478178062
1	23	-0.028486358745112406
22	28	-0.029829668437609702
21	23	-0.02991481850278005
9	20	-0.030096442554140457
7	28	-0.030130552197882576
1	15	-0.03014413029448143
15	27	-0.030326765196262595
19	21	-0.030524210594669143
7	15	-0.03057599475355549
2	28	-0.03074801422001383
12	22	-0.030879869351240208
15	19	-0.03092870017965882
9	18	-0.030980630973001244
2	19	-0.031010346736131456
2	12	-0.0322579023081454
12	21	-0.033584729424532
9	31	-0.0336669241691846
9	28	-0.033681954954188964
4	15	-0.033770685166093994
12	26	-0.034434552603893775
8	9	-0.03457926024966429
10	27	-0.03490337405714067
9	25	-0.03515748825184695
4	25	-0.035350105709385904
3	27	-0.0357325540826281
11	12	-0.03575226069621357
9	13	-0.03583202520083778
5	20	-0.03641132122128382
16	19	-0.03769735784354078
2	25	-0.03809536092091853
21	30	-0.038398283969850844
5	24	-0.03852232220227364
18	20	-0.038592239212966395
8	14	-0.038631433477114174
7	8	-0.03874737174374154
4	17	-0.039499290254610575
23	29	-0.03951745870692108
13	27	-0.039517727713797246
14	17	-0.040092656136720584
12	23	-0.04046213341933197
2	29	-0.04058297694560997
13	31	-0.040720947708361266
12	19	-0.04219631818850195
2	6	-0.04249374125201749
11	20	-0.04310745734688698
6	9	-0.04355926208068067
11	22	-0.04356009787926646
1	22	-0.04414978278075771
2	8	-0.04425212366954079
2	18	-0.04481217684757499
3	17	-0.04593972272598418
19	30	-0.046227523170533524
9	15	-0.046288234930173255
5	21	-0.04635269032470918
9	17	-0.046982214153033275
7	13	-0.04738437867503603
17	26	-0.04809786544093425
4	21	-0.04881492075041044
15	20	-0.049019581934641454
2	21	-0.049027307333543546
4	19	-0.049256337490712954
16	23	-0.049580528505888954
11	24	-0.05123339986434711
20	31	-0.05124185276453869
2	31	-0.051288075185359716
16	22	-0.0521893734918934
2	24	-0.052882558313116
12	18	-0.053026657683885925
10	17	-0.05331553453805754
8	27	-0.053602530425599204
9	16	-0.05379873844208982
5	7	-0.05728234295561596
7	27	-0.0573348570316099
12	31	-0.05791845715430663
1	9	-0.05882695072162547
9	12	-0.05904191498919287
13	22	-0.059152153091144244
18	27	-0.059800206289404356
3	5	-0.05998443369467771
14	28	-0.060720960956063774
7	20	-0.06083176911616062
22	31	-0.06101789373316188
10	29	-0.06245560582490062
15	26	-0.06303216525976768
10	23	-0.06326694426402785
3	28	-0.06342869871106699
18	23	-0.0635138806381425
9	24	-0.06452174077205503
2	10	-0.06486365856089116
4	31	-0.06605325384433813
3	18	-0.06625189424317163
14	29	-0.06655203289106265
6	14	-0.06655298424805506
8	22	-0.06662354424930675
21	29	-0.0672086172774718
7	24	-0.0675603883431129
14	24	-0.06820987980327431
10	14	-0.06912027451240371
18	22	-0.07048631397633948
6	27	-0.07143273771202002
20	22	-0.07157073944114739
10	21	-0.07175225087959464
13	30	-0.07244663910614263
5	19	-0.07407617524831162
6	23	-0.07427332808416606
19	27	-0.07650491063910297
5	10	-0.07677562091952866
23	28	-0.07788188167723231
5	27	-0.07883448682586008
11	30	-0.07933145938398045
7	18	-0.08047637135099539
22	27	-0.08076115385615529
11	29	-0.08205449099658862
9	19	-0.08271069112800927
2	16	-0.08321234227893115
10	16	-0.08345281580260444
19	24	-0.0843427940946383
10	20	-0.08495390994011154
1	7	-0.08519311761695725
4	18	-0.0870938766706379
17	30	-0.08970233871557448
1	30	-0.0912313365446713
6	30	-0.09573977905651077
14	18	-0.09638991818251694
23	31	-0.09700614596888471
14	27	-0.09703960229115877
29	31	-0.09770362005913286
17	23	-0.0978158593685308
3	6	-0.09870289557558598
8	26	-0.0998557606555937
7	30	-0.10007119257981234
15	30	-0.10151984905574873
5	29	-0.10247343719526769
13	19	-0.10261959005899807
25	26	-0.10267737579832698
6	26	-0.10336493139259492
8	30	-0.1037556014377965
8	19	-0.10563247619984129
18	26	-0.10617012977417312
23	27	-0.10910329237921829
10	24	-0.11010434287379633
24	26	-0.11337458511752943
26	28	-0.11590012463535984
13	26	-0.11607752368389881
14	20	-0.11949575670274604
3	30	-0.13474710253458927
3	29	-0.13600698075596546
1	14	-0.1361069861585681
3	24	-0.13636288427939863
3	21	-0.14939900874197728
16	26	-0.15022173371297445
26	27	-0.1509426951419189
20	26	-0.16107389474202216
7	29	-0.1651904628227854
19	29	-0.16970009490030424
